 # Grain size distribution: volume (A^3) ; No. of grains
   54493.224098062507                0
   54493.224098062507                0
   54493.224098062507                0
   54493.224098062507                0
   54493.224098062507                0
   54493.224098062507                0
   54493.224098062507                0
   54493.224098062507                0
   54493.224098062507                0
   54493.224098062507                0
   54493.224098062507                0
   54493.224098062507                0
   54493.224098062507                0
   54493.224098062507                0
   54493.224098062507                0
   54493.224098062507                0
   54493.224098062507                0
   54493.224098062507                0
   54493.224098062507                0
   54493.224098062507                0
   54493.224098062507                0
