# Fix print output for fix out
-2.76454326459379e-15 0.095681210266296 -0.593060802527178 -0.0774875422687379
0.000199999999997262 -0.139312816459199 0.0373667078681657 0.0830158724936245
0.00039999999999729 -0.565177804576476 0.382127196438288 0.233791139255121
0.000599999999997317 0.429651687549299 0.0451143504203036 0.456076252111165
0.000799999999997344 0.777931640471362 -0.315003780612612 0.15527203317876
0.000999999999997371 -0.891056361539511 0.313817457231683 0.065698542575162
0.00119999999999707 -0.425172840657139 0.182037297861747 0.0769856840225978
0.0013999999999971 0.55055369596208 -0.777796580946405 -0.0581192596385646
0.00159999999999713 0.140643756985547 0.227808829810242 0.416685245994056
0.00179999999999715 -0.198271861548069 0.295103087816701 0.123237421743982
0.00199999999999718 0.398797632806387 0.0789873632328305 0.461517013584924
0.00219999999999721 0.372311248600831 0.139088044451824 0.62709882597944
0.00239999999999723 -0.0532362469960576 0.0177244349786457 0.494738464812418
0.00259999999999726 -0.0183209515797358 -0.112329962326169 0.3657983217778
0.00279999999999729 -0.108438100175385 -0.135007860075322 0.126174081106284
0.00299999999999732 -0.454929503296105 -0.106642586470426 0.267594592265673
0.00319999999999734 0.608028000144415 -0.0434777518719842 0.864379929895965
0.00339999999999737 0.837518973771385 0.282026752245404 0.906089511526952
0.00359999999999707 -0.316790618424555 1.04784158493222 0.678028770852018
0.0037999999999971 -0.384167387714458 -0.490092535326169 0.143713097994476
0.00399999999999713 -0.222591848367992 -1.67435864233762 -0.431372172222766
0.00419999999999715 -0.658394015480458 0.115350278231094 0.207681936868913
0.00439999999999718 -0.0996478045849158 0.155418656228876 0.50228781654089
0.00459999999999721 0.301428490037778 -0.31692306406488 0.428514634167185
0.00479999999999723 0.393365936424618 0.301864366125953 0.526185563886241
0.00499999999999726 -0.636203157313189 0.239056741298118 0.259337755486078
0.00519999999999729 -0.533503749159739 -0.874947777078574 -0.454908909121572
0.00539999999999731 -0.305363165681454 -0.672399053149845 0.181889306968175
0.00559999999999734 -0.238874160464702 0.312666078404491 0.602683540571822
0.00579999999999737 0.642705398239412 0.516295585511543 1.23370100025527
0.00599999999999707 0.681848250824695 -0.0751430364196904 0.810140855009312
0.0061999999999971 -0.363474926959991 0.236710652120785 0.339966786155639
0.00639999999999713 -0.242334639702719 -0.252855325112259 0.412324574674293
0.00659999999999715 -0.18848560947027 -1.03018410443654 -0.101254677322467
0.00679999999999718 -0.538096918492076 -0.0390710102945008 0.146066053625962
0.00699999999999721 0.100193906274001 1.03457514518198 0.937362613864617
0.00719999999999723 1.63221291529424 0.433731199563637 1.39971882469582
0.00739999999999726 0.468583588313167 0.262471840116582 1.02886665701498
0.00759999999999729 -0.740654038158251 0.143497384324067 0.580586432302885
0.00779999999999731 -0.195114736859536 -0.393289794333683 0.62203376496172
0.00799999999999734 -0.402805227205916 -0.247182316485057 0.36790249173048
0.00819999999999737 -0.0712832188975688 0.322758321650482 0.870931497290824
0.00839999999999707 0.504457187501754 0.377250134374597 0.98356789909059
0.0085999999999971 0.274064644836182 0.188284385081327 0.994041917847509
0.00879999999999712 -0.0574841203544691 0.501489277442431 0.930854939304626
0.00899999999999715 0.0555368206442903 0.0702178280974977 0.773543285923355
0.00919999999999718 -0.167235699205627 -0.736272986989249 0.593289039637741
0.0093999999999972 -0.778645696586013 0.0152644583560028 0.546617883335841
0.00959999999999723 0.103035877592092 0.0847355400616875 0.937902052507243
0.00979999999999726 0.81812981627896 -0.217240960107894 0.52721734511094
0.00999999999999729 -0.180394336064782 0.870692113013942 1.0132093001549
0.0101999999999973 0.384752875420994 0.671334884436618 1.06142129481287
0.0103999999999973 0.889753787066211 -0.0771579111343554 0.63512451275754
0.0105999999999974 -0.110067396191847 0.17561539797607 0.484094030164875
0.0107999999999971 -0.235492773922865 0.0739494660292935 0.602377010013221
0.0109999999999971 -0.202239935304803 -0.0506380445692491 0.627282482238
0.0111999999999971 -0.164254455101694 -0.235593624118025 0.61740131717059
0.0113999999999972 -0.275996099350415 0.0437355328961655 0.631453084677027
0.0115999999999972 -0.0521212472709346 -0.269350201836038 0.74389646823865
0.0117999999999972 -0.24286634520068 0.109006988671293 0.643814217835318
0.0119999999999972 0.113942257892565 0.21386369529914 0.761457854242135
0.0121999999999973 0.334363965152206 -0.210794620540618 0.693222631080899
0.0123999999999973 -0.486222446997708 0.0115699051904677 0.814254590854205
0.0125999999999973 -0.6122564957313 0.270689506818147 0.591811998859056
0.0127999999999973 0.983726328032595 -0.800302127315829 0.888659059584877
0.012999999999997 -0.184486607132894 0.41170997467082 1.02979550904144
0.0131999999999971 -0.179434548291801 0.608607129778279 1.01895453169451
0.0133999999999971 0.726262300538252 -0.0553312007268989 0.944029646744659
0.0135999999999971 -0.243158639168282 0.136374023486059 0.792627263307557
0.0137999999999971 -0.169656035490953 0.0898444558271397 0.72797658357447
0.0139999999999972 -0.0831187629096514 -0.555980215058773 0.458358661937858
0.0141999999999972 -0.719285103693224 -0.109395060090867 0.710980711556454
0.0143999999999972 -0.354550069488094 0.176826333079008 1.03497215465513
0.0145999999999973 0.859956864183944 -0.231274776866701 1.10714531211702
0.0147999999999973 0.1868118649638 1.26426549568216 1.44238199796485
0.0149999999999973 -0.0978352417951565 0.545962456851319 1.19734503745807
0.0151999999999973 0.275334684728772 -0.552817042210929 0.904337771581313
0.015399999999997 -0.580592661592668 -0.0329664934819646 0.340780739769557
0.0155999999999971 -0.616585848219552 -0.444257977914952 0.696734202391524
0.0157999999999971 0.284584657487887 -0.174898552963139 0.930918383381066
0.0159999999999971 0.434655348260792 1.05688815267134 2.04250223460334
0.0161999999999971 1.21446679456663 0.653033743195886 2.13103336858514
0.0163999999999972 0.798620021883503 0.466854181714946 1.79666796820451
0.0165999999999972 -0.916863413768703 -0.350729804969366 0.89823069688765
0.0167999999999972 -1.14038019126874 -1.90551060680278 -0.24567627619424
0.0169999999999973 -1.02953551810634 -1.13420679589556 0.326254027046182
0.0171999999999973 -0.0787421367381377 0.0766408375383582 1.02101809002845
0.0173999999999973 0.587066571267299 0.653766688596759 1.96661146326334
0.0175999999999973 0.0841454021155168 0.202324983753678 1.73025982386507
0.017799999999997 0.188996706793181 0.254573298341391 1.53994609540009
0.0179999999999971 -0.517766402262265 -0.529162814688377 1.01090064749731
0.0181999999999971 -0.922729596958251 -0.760784261851642 0.71093995329403
0.0183999999999971 -0.51959813449485 -0.206379274929169 1.1176785838827
0.0185999999999971 0.173448835901161 -0.136149710723762 1.65028117547779
0.0187999999999972 0.899150445287458 1.00324299836483 2.65494520120046
0.0189999999999972 0.995099582929604 1.23997954321132 2.39315678745522
0.0191999999999972 0.360333594830278 0.0971482681429171 1.81492719163274
0.0193999999999973 -0.981495171799751 -0.397055567885205 0.778155229438752
0.0195999999999973 -1.13650317337399 -1.35539690433352 0.356646529218099
0.0197999999999973 -0.981257480573508 -1.08552155966023 0.911144968430074
0.0199999999999973 0.215134105355566 0.456857504728426 1.72985718145684
0.020199999999997 0.671874026233788 0.703254450728457 1.98027011715534
0.0203999999999971 0.538454891838031 0.738715696588334 2.16233889579813
0.0205999999999971 0.46886972232416 0.464263652859219 1.91813851674093
0.0207999999999971 0.083076028997282 -0.203012344429956 1.56883965805827
0.0209999999999971 -0.316098847949906 -0.243131696106472 1.53681827304913
0.0211999999999972 -0.477991429504383 -0.357397698684149 1.4422629316343
0.0213999999999972 -0.442331049971479 -0.504850486650232 1.36099833308367
0.0215999999999972 0.317448590440433 0.272725663584182 1.8051280022184
0.0217999999999973 1.45732212833519 1.553178695515 2.74387857582795
0.0219999999999973 1.75494190921231 1.84717306797154 3.08843920336883
0.0221999999999973 1.04995393860823 0.852404473850017 2.3180486460429
0.022399999999997 -0.45846725681956 -0.153395868218037 1.00120452123087
0.022599999999997 -0.748938491057804 -1.05162207792209 1.02339759397247
0.0227999999999971 -0.923548942343295 -0.899144275060167 0.964639926052949
0.0229999999999971 -0.263754751776268 -0.0582630640516174 1.46611490780809
0.0231999999999971 0.814011782155023 0.247512685659722 2.0904821302819
0.0233999999999971 1.13475846719284 1.18831832111243 2.64731392107305
0.0235999999999972 0.691682720542483 0.733467085373206 2.43467252682315
0.0237999999999972 0.0183164886431142 0.0801366273771081 1.70920054436398
0.0239999999999972 -0.479591223780475 -0.352632728550891 1.34373252178223
0.0241999999999973 -0.498147416049691 -0.853512969365461 1.43102040194191
0.0243999999999973 -0.380712504632369 -0.371890267817887 1.41812205568619
0.0245999999999973 0.0647162309769111 0.280097177697621 2.21296724951487
0.024799999999997 1.0725929849301 0.603103970761501 2.33502185055794
0.024999999999997 0.935477693546857 1.64804235618863 2.66440362126593
0.0251999999999971 0.150141874660028 0.204916556858375 1.87361509497883
0.0253999999999971 -0.341384085683165 -0.732172974031916 1.44932883381362
0.0255999999999971 -1.3487690081941 -0.673192721339226 1.06070800655815
0.0257999999999971 -0.471095060939147 -1.10931075971341 1.31730372240401
0.0259999999999972 -0.273402872201717 -0.140720263072257 1.73755550592887
0.0261999999999972 0.23875373588038 0.769583525666042 2.36528893817683
0.0263999999999972 1.02982939140905 0.589652654363419 2.67330863369867
0.0265999999999973 0.0667485520777175 0.468254721874418 2.21816892922796
0.0267999999999973 -0.063615714551808 -0.305017181452532 2.18834556427447
0.0269999999999973 -1.5084389332894 -1.79902701559666 1.0657524148133
0.027199999999997 -2.37846882819394 -1.50571491016535 0.288203667860137
0.027399999999997 -0.121760420544356 -1.05879231838028 1.46812839096193
0.0275999999999971 0.0886634868214968 0.902770901488789 2.51672446537714
0.0277999999999971 0.607798550244462 0.802275778765499 2.64803652376938
0.0279999999999971 0.711794649700262 0.52587977827316 2.51277243501206
0.0281999999999971 -0.14328025613048 0.0150166341282352 2.12188525385349
0.0283999999999972 -0.11139494417712 -0.76649369055564 1.79285727631588
0.0285999999999972 -0.918229591781418 -0.483445415572088 1.68643280551955
0.0287999999999972 -0.292843566539833 -0.432506292403403 1.76268764001619
0.0289999999999973 0.511843151963989 0.702924782556468 2.82358351578879
0.0291999999999973 0.786410597096984 1.73312137023869 3.101957277152
0.0293999999999973 1.97475174629608 1.08343455618939 3.27965985323771
0.029599999999997 0.212333879003312 0.778689123210594 2.67763983307799
0.029799999999997 0.492755251531753 0.0947457620033316 2.45830134923748
0.0299999999999971 -0.342294285251495 -0.245180660290966 2.13795268226
0.0301999999999971 -0.595424266845625 -0.635613225653382 1.70542704930349
0.0303999999999971 -0.608558183978492 -1.00376433668375 1.3452653273867
0.0305999999999971 -0.293497974198672 -0.171247512697107 1.85723399874909
0.0307999999999972 0.132138613958483 0.00528433552107626 2.43082292049934
0.0309999999999972 0.643752116046032 0.545378920090995 2.87520326027798
0.0311999999999972 0.409046996803528 0.214383034614403 2.84257778258612
0.0313999999999972 -0.0405661338406552 -0.162854552179735 2.25043041126551
0.0315999999999973 -0.443781955071494 -0.127828156732198 2.44928794473831
0.0317999999999973 0.628471850894796 0.12076124825341 2.79260389380756
0.031999999999997 0.0113070911999233 0.975422291940554 2.74898948573397
0.032199999999997 -0.0450979286297906 -0.613968912069396 2.30607516714177
0.0323999999999971 -0.938599143432556 -1.00869195100563 2.1546362319185
0.0325999999999971 -0.847074968629946 -0.306708743994684 2.34599754368886
0.0327999999999971 0.0918670159412381 -0.400627402188767 2.67136639165763
0.0329999999999971 -0.251343207572283 0.545521734413417 2.78726205719074
0.0331999999999972 0.622174684764666 0.166174664113183 3.04689794754599
0.0333999999999972 0.571315094685615 0.690892558423933 3.04784681855269
0.0335999999999972 0.520674484186999 0.561613320051421 2.95185298165513
0.0337999999999972 0.0642294016512381 -0.126226891534335 2.4255435609356
0.0339999999999973 -0.976863662187318 -0.510572375549093 2.23917499425183
0.034199999999997 -0.327327659131387 -1.30484870165004 2.20978873596419
0.034399999999997 -0.681712123585381 -0.0299406746569346 2.06250932567914
0.034599999999997 0.81168993206403 -0.286350941600384 2.84018600578934
0.0347999999999971 0.523909847230209 1.46267572391297 3.3168705999464
0.0349999999999971 0.909580449286601 0.753161287732892 3.21267936020508
0.0351999999999971 0.330965535986438 0.0534950793903319 3.01761856459882
0.0353999999999971 -0.530341042387883 0.00358864778745024 2.16752672093885
0.0355999999999972 -0.658046940405585 -1.08739049359589 1.77141416789633
0.0357999999999972 -0.609495289497965 -0.243537353620815 2.31823888806863
0.0359999999999972 0.362690718205439 0.2480482964396 2.98832576834391
0.0361999999999972 1.10388903530142 1.13881115069184 3.57863068475582
0.0363999999999973 1.24832186102524 1.77347130078436 4.12483183327236
0.036599999999997 0.935851028088438 0.712225141262241 3.40949816070752
0.036799999999997 -0.645680790442494 -0.261001222589349 2.37158032311853
0.036999999999997 -0.902984616216675 -1.63759433339732 1.84584749215842
0.0371999999999971 -1.12168647120207 -0.857322019556604 1.92249326206342
0.0373999999999971 -0.22075164915556 -0.471581664466826 2.77605856340674
0.0375999999999971 0.0403690352432341 -0.306462984115293 3.0316469378777
0.0377999999999971 0.10701153458507 0.171662973753602 3.03914621471409
0.0379999999999972 0.653914423470974 0.0508119650013508 3.29721508508212
0.0381999999999972 -0.189042557045413 0.465573493636755 2.94516806291025
0.0383999999999972 0.695702747921272 0.23864735417192 3.42914288373398
0.0385999999999972 -0.0146630993868305 0.716941648591965 3.13445095135601
0.0387999999999973 0.418555847705765 -0.839246430929788 2.93595883285009
0.038999999999997 -0.653259031008536 -0.418534702773916 2.28070520293987
0.039199999999997 0.0957642101453229 -0.726334698975148 2.76479188100532
0.039399999999997 -0.0204702274777097 -0.216831978875187 2.90863246702061
0.0395999999999971 0.0794657138915754 0.181358111061479 3.39273285837843
0.0397999999999971 0.0686767342174484 0.109001549137582 3.15111357367923
0.0399999999999971 -0.27428158191578 -0.00305289272622866 2.79849163417588
0.0401999999999971 -0.209113290705926 -0.53273988956785 2.64879122440092
0.0403999999999972 -0.389392159293865 0.283068256715356 3.05831437254348
0.0405999999999972 1.32300892447535 0.0386231427776735 3.26993472205822
0.0407999999999972 0.638268809616175 1.59073439337422 3.99883417483185
0.0409999999999972 1.23832495064418 0.388515127622377 3.46337020617495
0.0411999999999973 -0.349070477606277 0.202182498357994 2.98264908793569
0.041399999999997 -0.3064937210777 -0.297001772154144 2.98862750535726
0.041599999999997 -0.240227173611219 -0.0727710639395719 3.01253187831859
0.041799999999997 -0.586501249945554 -0.397596721692814 3.03357050665559
0.0419999999999971 -0.401924873361288 -0.287783841034203 2.97091260787249
0.0421999999999971 -0.0726592297881977 0.397173913512146 3.41437695327859
0.0423999999999971 1.60131510694863 1.00546005790985 4.2207080391337
0.0425999999999971 0.920629005481083 1.81879851506666 4.17940422081912
0.0427999999999972 1.22860188628561 0.354598787243949 3.86961906098776
0.0429999999999972 -0.334232886781495 -0.0285468958949072 3.17265237373738
0.0431999999999972 -0.613773207640201 -1.02571920036659 2.71052540982716
0.0433999999999972 -0.720700727009665 -0.433277798516141 3.01721310654772
0.0435999999999973 -0.672830940239086 -0.489510186662794 3.0771149416638
0.043799999999997 -0.107503242831511 -0.142587045767715 3.23390436712874
0.043999999999997 0.396639692525746 0.550006126768309 3.75324107668178
0.044199999999997 0.682159883350207 0.618304878918478 3.97237382922208
0.0443999999999971 0.162485661106418 0.569376542766029 3.92986551555105
0.0445999999999971 -0.200748227698364 -0.497032706924468 3.44156837879544
0.0447999999999971 -1.69522217979712 -0.807241486807535 2.51983481370685
0.0449999999999971 -0.518562857453204 -1.47336028622476 2.72674154806681
0.0451999999999972 -0.613080088288144 -0.118431882832494 3.29383264019106
0.0453999999999972 0.274175048794207 -0.107482914409008 3.74812816196467
0.0455999999999972 0.395011928746147 0.615862155875193 3.87478554147595
0.0457999999999972 0.196929018634233 0.054208533787356 3.33763822998649
0.0459999999999969 -0.000325446575280692 0.450851038276846 3.30965430638401
0.046199999999997 0.0882917069795998 0.126206762452243 3.92296887223841
0.046399999999997 0.410665724223171 0.150726237731481 3.71781884488361
0.046599999999997 -0.0284941936015459 0.233500003727221 3.85465556820612
0.0467999999999971 0.132756168099563 -0.286318989743401 3.44408726843319
0.0469999999999971 -0.587402498510409 0.077353116494068 3.7101931175026
0.0471999999999971 0.13251714327726 -0.130440361361317 3.709976846063
0.0473999999999971 -0.122990608006465 0.277563014246756 3.94633334873443
0.0475999999999972 -0.297160529742927 -0.521558909830659 3.54975682133755
0.0477999999999972 -0.86819479498392 -0.943856943197035 2.97609645768389
0.0479999999999972 -0.459108236136652 -0.68860474600159 3.19372412145293
0.0481999999999972 -0.192916918875455 -0.0690367453675707 3.66280840701827
0.0483999999999969 1.14090563893934 0.773078347689524 4.54219294475069
0.048599999999997 1.89415700603523 2.46235781142156 4.99928969878275
0.048799999999997 1.83412060912374 1.33076969130407 4.76867004263715
0.048999999999997 0.753155244532363 1.05156614310587 4.07625188231942
0.0491999999999971 0.217831235903823 0.219597102683506 3.86734514284514
0.0493999999999971 -0.340648373067719 -0.142987596193523 4.10475069398566
0.0495999999999971 -0.879829420455397 -0.608371682602305 3.1687298530682
0.0497999999999971 -1.15147683530348 -1.12749650104161 3.21338918992104
0.0499999999999972 -0.530264175320514 -0.445173747743979 3.37651410621084
0.0501999999999972 -0.00853186418117397 -0.253935570370067 3.81571946210133
0.0503999999999972 0.702670055719717 0.625959303510668 4.7341736785279
0.0505999999999972 1.23829786745314 1.36007236233813 4.93452809057964
0.0507999999999969 1.28183835186072 1.12497685751519 4.42785108149055
0.050999999999997 0.181102660251357 0.14884411852693 3.72513112946474
0.051199999999997 -0.164091028320286 -0.27293134267587 3.54399469735592
0.051399999999997 -0.617624090709931 -0.546595797566825 4.01799615283263
0.0515999999999971 -0.809320363599127 -0.371348813381462 3.71060544623802
0.0517999999999971 -0.513788857672293 -0.793816944573775 3.35458287283966
0.0519999999999971 -0.512277826907504 -0.493018038638907 3.53087000019967
0.0521999999999971 -0.00604641497503072 -0.0524593872093991 4.29725887778917
0.0523999999999972 0.728338966000275 0.84329391877013 4.57790909316371
0.0525999999999972 1.03091293160889 1.22693353935764 4.85924204581707
0.0527999999999972 0.598671676489778 0.601765044255249 4.43306656306316
0.0529999999999972 -0.00551920068638302 0.38472201623665 4.15299414023343
0.0531999999999969 0.260633964080931 -0.290579435254491 4.11764845898244
0.053399999999997 -0.628208302492651 -0.32510016472882 3.98892738801657
0.053599999999997 -0.0778787943363468 -0.375208094283652 4.20350298968121
0.053799999999997 -0.483400238949631 -0.198105095724419 4.18229762615486
0.0539999999999971 0.25408600128975 -0.0567500797580307 4.36877963018877
0.0541999999999971 0.15847889262898 0.346315816005294 4.53680519711809
0.0543999999999971 0.845657919438934 0.364132633563596 4.19154236806571
0.0545999999999971 0.582136868952559 0.816362017784652 4.56756359446796
0.0547999999999972 0.513441919590676 0.246471251298708 4.47423584307007
0.0549999999999972 -0.152756635710627 0.219806134912101 4.45277445298393
0.0551999999999972 -0.166670522899169 -0.214110648538002 4.17851943413298
0.0553999999999972 -0.564353770503628 -0.219869502079417 4.29838932885511
0.0555999999999969 -0.34059062805218 -0.299324506870355 3.9959015503123
0.055799999999997 -0.135344450535905 0.0208711889569834 4.18854116441784
0.055999999999997 0.399030947685461 -0.212239244484168 4.41834852946981
0.056199999999997 -0.110305599385003 0.584125982024128 4.51091837428252
0.056399999999997 0.128814395955767 -0.391777062652918 4.27340162857936
0.0565999999999971 -0.370523085253628 -0.129239227570374 4.08551202629529
0.0567999999999971 0.0546210181469734 -0.577220104519739 4.30619882619085
0.0569999999999971 -0.753556302773458 -0.732744509132063 3.76792625491232
0.0571999999999972 -0.494962850911361 -1.1916804744428 4.07857427965283
0.0573999999999972 -0.261187432616333 0.160075539413738 4.25357764494156
0.0575999999999972 0.190731690396747 0.0107012484483092 4.5489983632263
0.0577999999999969 0.717326084702955 0.508714825918742 5.39099744045935
0.0579999999999969 0.481294368298352 0.492207977302051 5.11421214990566
0.058199999999997 0.111624169210537 -0.130417818926484 4.41306117798998
0.058399999999997 -0.34268302734794 0.0584233557775362 4.67721779169813
0.058599999999997 0.0879850142431981 -0.0553383575802583 4.65055246005944
0.058799999999997 -0.241778322390143 -0.0420046988020427 4.82470197758305
0.0589999999999971 -0.257867698236611 -0.683770858494055 4.35278558682243
0.0591999999999971 -1.24967342520662 -0.61368392280179 3.85866021546666
0.0593999999999971 -0.662165031487056 -1.10291462677598 4.05252348740677
0.0595999999999972 -0.411730766023511 -0.0310073329594772 4.42824091311709
0.0597999999999972 0.210890174154891 0.256160182636111 5.22745431944985
0.0599999999999972 0.442536648636309 0.36387846107023 4.93405273455006
0.0601999999999969 0.0546688849048204 0.812837312962961 5.04206288030816
0.0603999999999969 0.495856367593543 -0.0418793003380685 4.63258061134856
0.060599999999997 -0.102691374300007 0.788135841534995 4.80465941004422
0.060799999999997 0.477850565365712 -0.227378969859982 4.941022661089
0.060999999999997 0.20651252974491 0.657127494980114 4.94833048101679
0.061199999999997 0.538974076183493 0.518983448978826 5.29403693303067
0.0613999999999971 0.391080456000926 0.510528169057754 5.00564366142669
0.0615999999999971 -0.0534944069504998 -0.00318733318408142 4.88973226238095
0.0617999999999971 -0.730270882598009 -1.10329574537151 4.2497324962006
0.0619999999999972 -2.31748017672043 -2.16649456795018 3.53335495506469
0.0621999999999972 -2.52915093067757 -2.80354672625355 2.98159923927916
0.0623999999999972 -1.52614963543427 -1.22574462416668 3.98077457009772
0.0625999999999969 -0.378654884212501 -0.2767883967112 4.86365072955586
0.0627999999999969 0.320130553543148 0.242863656248557 4.97515784179282
0.062999999999997 0.863221343560218 0.899446616062323 5.30680144974566
0.063199999999997 0.274297669041612 0.412427405215136 5.16860498573971
0.063399999999997 0.39538053927708 0.0657771642063508 5.25858223372672
0.063599999999997 -0.354555885143532 0.139986104466209 4.70159527283848
0.0637999999999971 0.0540776476290533 -0.108777722389121 4.87254797577284
0.0639999999999971 0.2330762005196 -0.119491953034603 4.8544828358442
0.0641999999999971 -0.0414835293839619 0.272845620188237 4.69361174934815
0.0643999999999972 0.629990331926419 -0.0101334293876786 4.77166548010672
0.0645999999999972 -0.0594048736879224 0.111698542347672 5.15572811137838
0.0647999999999969 0.0326529391442632 0.298420370681541 5.3629413408586
0.0649999999999969 -0.370442744143673 -0.686543593272657 4.85036372554567
0.0651999999999969 -0.436729769770268 0.0646158188425718 4.81882734712893
0.065399999999997 0.237451486121092 -0.14256341694523 5.42157085769785
0.065599999999997 -0.320839703658402 0.0527119085007804 5.46898970282944
0.065799999999997 0.327159190672872 0.107944065083342 5.31947031141855
0.065999999999997 0.504713777869121 0.361854207041201 5.76845298197138
0.0661999999999971 -0.205895597128266 -0.170925700323101 4.5756250324349
0.0663999999999971 -0.206606594643624 -0.71460888021025 4.99528400956152
0.0665999999999971 -1.07613195713488 -1.19399230358886 4.48447416109366
0.0667999999999972 -0.784913194026658 -0.493923113267086 4.86474591192266
0.0669999999999972 -0.44609004145511 -0.561198060919553 4.60217549716616
0.0671999999999972 -0.158398071889752 0.35530863905906 5.39188483522445
0.0673999999999969 0.28155850054077 0.43149958105665 5.57802082018811
0.0675999999999969 0.791277008920685 1.00494786985442 5.84542681407326
0.067799999999997 0.724583453612559 1.06660089849314 6.0565053301032
0.067999999999997 0.55130051593314 0.154344253894404 5.56174453263681
0.068199999999997 -0.440405386984745 -0.0116820008011063 5.0611006782161
0.068399999999997 -0.412938894345508 -0.462904695810464 5.0202716832133
0.0685999999999971 -0.788854861290398 -0.988915176787286 4.76803837606014
0.0687999999999971 -0.496583287926145 -0.239754330013437 5.21795526380857
0.0689999999999971 0.131008511444319 -0.0656616384134457 5.5893069855912
0.0691999999999972 0.449143078197133 0.798020501659216 6.03117222805197
0.0693999999999972 0.5032508866417 0.620957726855662 5.76230024456348
0.0695999999999969 0.623981855472891 0.68678871022593 5.88685663385793
0.0697999999999969 0.380825704996133 0.322784443035638 6.02136895117197
0.0699999999999969 0.214745543474439 -0.0421268727516012 5.42541737015603
0.070199999999997 -0.433128654137557 -0.086270626657603 5.50797818803005
0.070399999999997 -0.0917090639208632 -0.584548029147599 5.16065922573414
0.070599999999997 -0.280186573203438 -0.219436570962188 5.46371763579852
0.070799999999997 -0.319778247051809 -0.27308162172464 5.40073194830849
0.0709999999999971 0.651802044336399 -0.0854180911966537 5.73794888467765
0.0711999999999971 0.404757409429769 0.933069816427118 5.94457598966551
0.0713999999999971 0.620233263610188 0.191180670152233 5.73503617010709
0.0715999999999972 0.54742720669894 0.589022743531086 5.97117988370542
0.0717999999999972 0.200931109711901 0.0142274483248239 5.70472858801728
0.0719999999999969 -0.0346539096875142 -0.200737365967132 5.78391940976396
0.0721999999999969 -0.208870536461852 -0.154815416789058 5.68072279819226
0.0723999999999969 -0.305357604933243 -0.186480219503103 5.80133806699842
0.072599999999997 -0.0769519787692304 -0.119555797446641 6.03773387082246
0.072799999999997 0.167810565354198 0.221250783119141 6.20712696748396
0.072999999999997 0.966864397086268 1.153000183062 6.73330287724589
0.073199999999997 0.893047296066045 0.842940374258044 6.57614475672179
0.0733999999999971 0.647835363750503 0.968595511412205 6.58019805109664
0.0735999999999971 0.0179449102577347 -0.0933303082909531 6.14128400072815
0.0737999999999971 -0.240243906445024 -0.0953212076211469 5.79929953968478
0.0739999999999972 -0.459979903468406 -0.0802982835337435 5.64340781827597
0.0741999999999972 -0.23887005314279 -1.08541342906364 5.05963175809906
0.0743999999999969 -0.467970243993072 -0.290453557057622 5.66671273583639
0.0745999999999969 -0.146602976543154 0.0371262914742924 5.85519121759522
0.0747999999999969 0.00145928954647925 -0.494124795080753 5.1912036299206
0.074999999999997 -0.62946814892397 -0.392773569216154 5.78761433982562
0.075199999999997 -0.416191874812423 -0.288970299398965 5.96466395920764
0.075399999999997 0.33135072519534 0.166683072352739 6.34392052449342
0.075599999999997 0.047092427124339 0.464201152175217 6.10035199176572
0.0757999999999971 0.459920368706741 0.559039542470443 6.29059926113776
0.0759999999999971 0.668956040097461 0.18042116252192 6.2917223977696
0.0761999999999971 0.129637466636834 0.527011651424891 6.1610574155118
0.0763999999999972 0.366288385150917 0.0212347545582893 6.36919687156753
0.0765999999999972 0.0770319920293821 -0.0454055787065861 6.35597323358438
0.0767999999999969 -0.715911351340634 -0.543052834241707 5.70216398950774
0.0769999999999969 -0.491095158397854 -0.817489014207571 5.78264565299084
0.0771999999999969 -0.691773487819486 -0.67305597010118 5.6454008845193
0.077399999999997 -0.63968927842996 -0.668818204743409 6.01185004716095
0.077599999999997 -0.85526022812918 -0.729481797254797 5.91456425016425
0.077799999999997 -0.305927279903978 0.27262675950134 5.94004357528679
0.077999999999997 0.985377961663263 0.635523464200918 6.66436670669277
0.0781999999999971 1.40963563360195 1.53278152073288 6.71493281614492
0.0783999999999971 0.941884109131075 1.66559206481263 6.97812886622893
0.0785999999999971 1.08640076146063 0.910246640336989 6.99728364183339
0.0787999999999972 0.488364845101726 0.596388552057491 6.97445379297878
0.0789999999999972 -0.0561553678956768 -0.0275028637079907 6.22218409364743
0.0791999999999969 -0.310019442041656 -0.474022325304447 5.87234298149531
0.0793999999999969 -0.488023510214705 -0.404186556262689 6.01743237236538
0.0795999999999969 -0.755513077689727 -0.295954122516439 6.16287039909392
0.079799999999997 -0.557973276430334 -0.622056195112615 6.26112562609479
0.079999999999997 -0.677223204994689 -0.857966512132012 5.77868313501874
0.080199999999997 -0.896431341440792 -0.696631529064381 5.77947176536254
0.080399999999997 -0.208392915959618 -0.209977722735439 6.47869187105881
0.0805999999999971 0.940601460858177 0.650609565107054 6.83010808261813
0.0807999999999971 1.71034350372429 1.48348861256508 7.55463466100792
0.0809999999999971 1.40211991580892 1.6837608128893 7.03500144881408
0.0811999999999971 0.955576834740745 0.694059805252777 6.96207773986437
0.0813999999999968 0.611691476987077 0.32729237592965 6.62306289406516
0.0815999999999969 -0.0931133201436803 -0.0217939152690883 6.72230333265618
0.0817999999999969 -0.297531597860766 -0.358636218740319 6.13299365553693
0.0819999999999969 -0.11259447972914 -0.277960161042734 6.36052828961196
0.082199999999997 -0.115024593056897 -0.168695840602394 6.35360289323755
0.082399999999997 -0.122110644090346 -0.143378097596873 6.51344644374195
0.082599999999997 0.366660594026429 0.351398690142805 6.50814598025767
0.082799999999997 0.705264983127564 0.214181669286992 6.7188983834599
0.0829999999999971 0.938463468610337 0.841549488649892 7.15919849002486
0.0831999999999971 0.782406351328979 1.10166938610963 7.08683342613052
0.0833999999999971 0.998337715539829 0.503306080433878 7.2607416541661
0.0835999999999971 0.761753581063558 0.529050559217454 7.25216882553287
0.0837999999999968 -0.0808238876112752 0.490567529816399 6.7933721592896
0.0839999999999969 -0.354431741877945 -0.767449424494569 6.20302247266967
0.0841999999999969 -1.08179351743211 -0.925217616873906 5.84823716264866
0.0843999999999969 -1.48795082392599 -0.958758631308286 5.96924785706767
0.084599999999997 -0.760729435306799 -0.950266814615284 6.57627798336002
0.084799999999997 -0.322736331124019 -0.714204540928997 6.57024711910803
0.084999999999997 -0.396614515734009 0.149417776771232 6.81207232733901
0.085199999999997 0.363935171681694 0.202169718731578 6.63489087835572
0.0853999999999971 0.383673580914687 0.163027142775916 7.14278730028471
0.0855999999999971 0.0941383403209182 0.200347173289808 7.10271629083575
0.0857999999999971 -0.0408425352667236 0.11140206337557 6.65681652630427
0.0859999999999971 0.285807995770172 -0.119174418573118 7.11577705238619
0.0861999999999968 0.216863364267852 0.243530166223008 6.67814431538946
0.0863999999999969 -1.00268760825704 -0.531429716891162 6.53232414240694
0.0865999999999969 -1.02688619169807 -1.15370092753512 6.31096290181121
0.0867999999999969 -1.65293874964138 -1.78360555581056 5.72471588584203
0.086999999999997 -1.27760348987872 -1.00390054474329 6.09339656054634
0.087199999999997 -0.623029031675508 -0.837993560255644 6.85263737479019
0.087399999999997 -0.629609884010283 -0.477477100927246 6.85557579061986
0.087599999999997 -0.235523260439395 0.0276719891901266 7.22010050787067
0.0877999999999971 0.166742870316363 0.508729771721485 7.24235391386249
0.0879999999999971 0.473903664124301 0.403448140003412 7.09283692966886
0.0881999999999971 0.591187622537234 0.202998486676521 7.42791122801557
0.0883999999999971 0.420895592049558 0.55199914113203 7.17359760026611
0.0885999999999968 0.863670812157569 0.365056545015293 7.29053939813461
0.0887999999999969 1.24154095204102 0.97283873901667 7.75394064731237
0.0889999999999969 1.06155868197754 0.783471927350791 7.51823589231407
0.0891999999999969 0.48615482273201 0.63642609074031 7.34480342519813
0.089399999999997 0.370553424630834 0.37389705012067 7.29559690351039
0.089599999999997 0.306085961233959 -0.0971047545177807 7.17701181061639
0.089799999999997 -0.303283165462526 -0.410207965830577 7.19133084945412
0.089999999999997 -0.948147353556279 -0.759438651967453 6.54243284191865
0.0901999999999971 -0.662468413799022 -0.947953809944229 6.79133272629405
0.0903999999999971 -0.365503274511582 -0.465868460143755 7.3012381711429
0.0905999999999971 -0.319955983570325 -0.369525157797983 7.1439834058297
0.0907999999999971 -0.658898877678884 -0.630373367761974 7.07956756453337
0.0909999999999968 -0.995579442701227 -0.607619113175324 6.53353629060234
0.0911999999999969 -0.391263142274532 -0.862423428609253 6.58074857544366
0.0913999999999969 -0.526001008944963 -0.178489839112155 7.33751080382376
0.0915999999999969 0.242969754629181 0.700546192664186 7.12540409224927
0.091799999999997 0.871797011345175 0.630403237439966 8.18365058888997
0.091999999999997 0.954851009018916 0.783845337725291 7.69571993609794
0.092199999999997 0.482696041453074 0.666262320819956 8.00388630221423
0.092399999999997 0.580217722945156 0.631172063107614 7.35306827330479
0.0925999999999971 0.214127193751815 0.347162700927077 7.52595718316272
0.0927999999999971 0.597299113535118 0.419817000439954 7.64602178576435
0.0929999999999971 -0.360129021844538 -0.23666764376433 7.1961919920659
0.0931999999999968 -0.439628565489934 -0.223050855309133 7.49589579672744
0.0933999999999968 -0.60681847935747 -0.655946951992932 7.19862349862708
0.0935999999999969 -0.446738134706965 -1.1529282401339 6.54484071697134
0.0937999999999969 -0.716166925679458 -0.668005450479984 7.5574761230841
0.0939999999999969 -0.790132302340142 -0.575527861021695 7.02309072017733
0.094199999999997 -0.798490281600262 -0.337223405144936 7.17795671299067
0.094399999999997 -0.337345839645367 -0.545551358341753 6.59833771456821
0.094599999999997 -0.137735636902547 -0.178661818734689 7.99381051660877
0.094799999999997 -0.0568837942359287 0.0242853826728365 7.79120395111433
0.0949999999999971 0.162070616625778 0.354503216142714 8.05101561641369
0.0951999999999971 0.630944853307878 0.547892283219152 7.6510333813757
0.0953999999999971 0.482600729733926 0.751295753215881 7.48760636950143
0.0955999999999971 0.206683507097015 0.43621272427631 7.97192349181869
0.0957999999999968 0.808372077198754 0.844737503001994 8.01940998833363
0.0959999999999969 0.434856828999829 0.42711496717641 8.31191007592854
0.0961999999999969 0.294609953006438 0.76376877464676 7.97040682429487
0.0963999999999969 0.74685192924659 0.536633061391956 7.70773277075992
0.096599999999997 0.374486534137811 0.496053213268919 7.80400365426072
0.096799999999997 0.197078728361482 0.173297793942277 7.5227767248579
0.096999999999997 0.363863677781416 0.541784303510901 7.64387183703401
0.097199999999997 0.655590761520074 0.415174398180851 7.86681814595615
0.0973999999999971 0.318588500348814 0.352796766571336 8.27640729692805
0.0975999999999971 -0.545419497187631 -0.236357280080074 6.91895191228195
0.0977999999999971 -0.372134753440841 -0.742568872938372 7.35469381687406
0.0979999999999968 -0.31223049159312 -1.16448961640475 7.17292818847443
0.0981999999999968 -0.227468156382833 -0.289669324810766 7.2421288765034
0.0983999999999969 -0.430239997975735 -0.235258594400484 6.73980257017045
0.0985999999999969 0.170088363233773 0.240798970882124 6.96070566945085
0.0987999999999969 0.289190418522874 0.081659725683698 7.83083764463732
0.098999999999997 0.530740853958359 0.439296242182377 8.1763559633131
0.099199999999997 0.57386562161681 0.502010222639337 8.06932820628167
0.099399999999997 0.285224785609671 0.241802168416873 7.81326389031454
0.099599999999997 0.598177652768991 0.5293047877077 7.95985303719139
0.0997999999999971 0.510642495383008 0.6650461941106 8.16430607388151
0.0999999999999971 1.41864349529703 1.11771571614221 8.6789513261865
0.100199999999997 1.63126148503275 1.64445406362468 8.9732511301476
0.100399999999997 1.4847268997793 1.26268101882701 9.14033846537177
0.100599999999997 1.10259322881724 1.03802519531345 8.40960084666559
0.100799999999997 0.674346966840762 0.807135484820452 8.44778612951179
0.100999999999997 0.0423632753277415 0.157065434408113 8.41278827329394
0.101199999999997 -0.10749769480982 0.116364878470005 7.89339067976135
0.101399999999997 -0.986770328199637 -0.652874661555559 7.73886375164834
0.101599999999997 -0.766072515797517 -0.854607576553631 7.64130715691792
0.101799999999997 -0.816656461303538 -0.833678152618141 7.86713325774145
0.101999999999997 -0.568975491880533 -0.968650326856734 7.6236508666442
0.102199999999997 -0.632309871746753 -0.599662120105867 7.85583192969485
0.102399999999997 -0.507789559718063 -0.0485231212368398 8.04391298910982
0.102599999999997 0.166866183545912 0.19424375994084 8.62751702252245
0.102799999999997 -0.0287577971994963 0.167677498490465 6.7753749000056
0.102999999999997 0.364879874118699 0.17856493719463 7.7905830492922
0.103199999999997 0.316516136868773 0.431932326828599 8.10442433428404
0.103399999999997 0.203550641065924 0.209948225565056 7.91146410133988
0.103599999999997 0.331033815967068 0.493763976750129 8.05657767430134
0.103799999999997 0.585270873876664 0.459027734046661 8.23308455996498
0.103999999999997 0.222988255732106 0.00616953953771604 7.57621291148003
0.104199999999997 -0.427240162401626 -0.486375119046171 7.8277452584336
0.104399999999997 -0.632219605447364 -0.422303550936941 7.57810273479958
0.104599999999997 -0.209526440575155 -0.412787803942967 7.45829782996528
0.104799999999997 -0.586451613027286 -0.243587390606088 7.69302399158417
0.104999999999997 -0.177487347026526 -0.143184612478892 8.18239072083973
0.105199999999997 -0.412796337015544 -0.540706981398708 7.6161626628296
0.105399999999997 -0.697624603239922 -0.623673517829964 7.7015503144546
0.105599999999997 -1.01287585366367 -1.02111524442889 7.86566041203129
0.105799999999997 -1.37697920672435 -1.30839567162557 7.85904906920521
0.105999999999997 -1.47776156656149 -1.65304113399484 7.49717203776465
0.106199999999997 -1.99234872908132 -1.60403132431331 7.6383587389155
0.106399999999997 -1.75081475852844 -1.91793256250402 7.40984946944059
0.106599999999997 -1.50213603160478 -1.65982715175567 7.65949579017523
0.106799999999997 -0.950222961799205 -0.980285800328771 7.63436406160092
0.106999999999997 -0.468828426477013 -0.521558415890204 7.96833165664314
0.107199999999997 0.0289758550939023 -0.113989641806778 7.36368048038546
0.107399999999997 -0.10395675761609 0.381019778492022 7.25001662825817
0.107599999999997 -0.0472731802737379 -0.21965590934937 8.5646502366985
0.107799999999997 0.452441748654587 0.476346684813949 9.22386493317676
0.107999999999997 0.340379377885164 0.33598262839625 8.89343285779385
0.108199999999997 0.262533146792313 0.373652215313694 7.67298663928639
0.108399999999997 0.614088966618767 0.393108758139336 5.45044061474601
0.108599999999997 0.412229757856619 0.663629285400442 2.26052796402779
0.108799999999997 0.0747503226250455 1.17382596840092 2.05860329280504
0.108999999999997 0.965614083432003 1.36200378566462 -0.433210508927539
0.109199999999997 0.0515953331886099 0.17571580609218 -1.59467992481869
0.109399999999997 -0.712409587542912 -0.298577999678895 -2.27495203431482
0.109599999999997 0.902425059095446 0.341192281059506 -0.726149110058476
0.109799999999997 -0.322136606689036 -0.240745956480165 -2.2004026270464
0.109999999999997 0.150999157075818 0.304501434934912 -1.35275773823918
0.110199999999997 0.153651095223671 -0.192668526553124 -2.03159451611331
0.110399999999997 -0.1529745495902 -1.18851928612117 -2.68300129332656
0.110599999999997 0.54138771828048 0.175865524986222 -1.25782200091328
0.110799999999997 0.503305005651345 0.529564964311899 -1.49564210426362
0.110999999999997 0.484367212466275 0.957482164339119 -1.25302943950594
0.111199999999997 0.00163644019768142 0.352177179719319 -1.28292782964338
0.111399999999997 -0.719980480640107 -0.514182768470529 -2.47518149879082
0.111599999999997 -0.277108346038731 0.482011873450462 -1.74339295219698
0.111799999999997 -0.0463472335495391 0.638132080274728 -1.38577216536171
0.111999999999997 -0.539587764324076 -0.0215854292493863 -2.03743996508571
0.112199999999997 -0.35619795537749 0.416930703985455 -1.38193679711638
0.112399999999997 -0.560032084097986 0.405839407457896 -1.724695883709
0.112599999999997 -0.781345699340699 0.300795379153948 -2.21083568937984
0.112799999999997 0.45436254797922 0.956795182252885 -1.03869488317155
0.112999999999997 0.120297128412398 0.975780570284164 -1.21947035919345
0.113199999999997 -0.56019544212454 0.478245382495129 -1.98975706517057
0.113399999999997 -0.748297668049563 0.175799324144041 -1.73832646910734
0.113599999999997 -1.03865835638673 0.69766387199597 -1.81639988547816
0.113799999999997 -0.922266684722763 1.03692430338671 -1.6489754379555
0.113999999999997 -0.278962104549712 0.618278187470557 -1.64455183171491
0.114199999999997 -0.0600841005243596 0.526855962540013 -1.33875629434911
0.114399999999997 -0.555610751742629 0.410102323407988 -1.71976300094578
0.114599999999997 -0.167723582504607 0.178944999154104 -1.56583626509529
0.114799999999997 0.803400748233535 0.816692192435193 -0.233935967212779
0.114999999999997 -0.445315619377946 -0.0728401086247168 -2.24647243054098
0.115199999999997 0.127913155000631 -0.486084528554358 -1.82080738328071
0.115399999999997 0.375760644842946 -0.19560230030197 -1.61003727944454
0.115599999999997 0.454454880145895 -0.16955945567569 -1.55360420842681
0.115799999999997 0.311148371314828 0.25310711384856 -1.25972356031119
0.115999999999997 0.794695845634466 -0.0765197615276347 -1.09039164760477
0.116199999999997 -0.0620424767554565 -1.2225523765313 -2.13728239489247
0.116399999999997 -0.0911853187822216 -1.05184622199414 -2.04946245818694
0.116599999999997 0.224693611408271 -0.409726380764438 -1.63716097170334
0.116799999999997 0.433909277768109 -0.279545385356442 -1.45840599697121
0.116999999999997 0.433422857136493 -0.471588091327357 -1.42782379719879
0.117199999999997 0.0693265516173472 0.115427907005917 -1.3754003417014
0.117399999999997 0.898397911597458 0.322291817566872 -1.21430215649551
0.117599999999997 0.4965834880352 0.30968181430257 -1.42324009021925
0.117799999999997 0.664394073931869 0.136384788547852 -1.44093321895083
0.117999999999997 -0.285625399717832 -0.593819310958758 -1.55884475417326
0.118199999999997 -0.975822104765917 0.168660576389506 -1.81953187244638
0.118399999999997 -0.225486078036814 0.277232548143861 -1.10873786511904
0.118599999999997 0.017711172398975 0.877983407751046 -0.932677993033032
0.118799999999997 -0.0370617811110946 0.691200281795494 -1.39173792424118
0.118999999999997 -0.112125465889738 0.187384828105474 -1.26355113668178
0.119199999999997 -0.401279018940098 0.217004355519093 -1.28684952446121
0.119399999999997 -0.968623821852466 -0.0359660234431578 -1.77093545898918
0.119599999999997 -0.301534139457505 0.410649385314582 -1.36238390722766
0.119799999999997 -0.530103164385885 0.775156720264949 -0.918544777093752
0.119999999999997 -0.963921571287084 1.02331470038272 -1.56750261992992
0.120199999999997 -1.26424729874896 0.588215180895751 -1.66567340578652
0.120399999999997 -0.822066397518041 0.248488010064821 -1.49625227133082
0.120599999999997 -0.450794464030544 0.816628310450267 -1.34379712182372
0.120799999999997 -0.118095878123184 0.616819124397022 -0.834506386878274
0.120999999999997 -0.0476270988230674 -0.0785743661130885 -1.24556620983874
0.121199999999997 -0.00351332583370919 -0.0350091804703019 -1.83760636541907
0.121399999999997 0.162111565127169 -0.0788747921404326 -1.70670950585634
0.121599999999997 0.307833416645256 -0.170347800963288 -1.45425646051939
0.121799999999997 -0.13728113020768 0.358496273159022 -1.24181838299828
0.121999999999997 -0.305857430704827 0.341863679299822 -1.48935757252655
0.122199999999997 -0.633246656721562 -0.17633579360036 -1.60618838604611
0.122399999999997 -0.530440783886912 -0.315123765384746 -2.0680388411369
0.122599999999997 -0.0836132246545728 0.954764075806734 -0.710407710009905
0.122799999999997 0.513562908207583 1.55316728084221 -0.453756367972038
0.122999999999997 -0.352188561179633 0.71321599152086 -1.00530298023956
0.123199999999997 -1.39127593386142 0.148557881961791 -1.9697457066332
0.123399999999997 -1.13293267956589 -0.703593373208401 -2.06625725321412
0.123599999999997 0.255003155654373 0.339590482505419 -1.0105992385873
0.123799999999997 0.539032302815128 0.200076223535364 -1.15849386542554
0.123999999999997 0.655523746793821 -0.00255144094720084 -1.19624164285488
0.124199999999997 0.290671443587054 -0.197243564835157 -1.24685283747105
0.124399999999997 -0.302914461975563 -0.292472595231892 -1.54386402217069
0.124599999999997 -0.107396244595869 -0.748331027308275 -1.76502078923359
0.124799999999997 0.23235869482754 -0.272424920880658 -1.34694092516599
0.124999999999997 0.465839070778641 -0.43575053110902 -1.23115807052673
0.125199999999997 -0.443382638203087 -0.772532697843131 -1.80076581324328
0.125399999999997 -0.587870715354707 -0.313949136570826 -1.7002465229834
0.125599999999997 -0.661474308059525 0.00945221779393448 -1.35433184229242
0.125799999999997 -0.0196868400633811 1.0462218074621 -0.622745282881009
0.125999999999997 0.534952151073155 0.749399406173774 -0.776293087332808
0.126199999999997 0.0847498538681632 0.542227997359146 -0.695442405637078
0.126399999999997 -0.608013674002111 0.0501108510471637 -1.06026010399791
0.126599999999997 0.0929138618924369 0.515383262357815 -0.998090027095077
0.126799999999997 -0.103820717575655 0.638096656144864 -0.960203586501275
0.126999999999997 -1.01566656534689 0.064921762875253 -1.54188733849977
0.127199999999997 -0.419865928848087 0.146851175615292 -0.924745936621834
0.127399999999997 0.062772557461474 0.530955678169015 -0.435647666752799
0.127599999999997 0.233386021068827 0.216580557684318 -0.977227023718864
0.127799999999997 -0.558996553027596 -0.0440142734616699 -1.56481797236368
0.127999999999997 -0.27089279965765 -0.00483592502271406 -1.1652953269778
0.128199999999997 0.595017077981938 0.565973064688303 -0.492786229613866
0.128399999999997 0.784724927014006 0.577958940864831 -0.307201884273641
0.128599999999997 0.260903051015768 -0.447642519607152 -1.25208130107352
0.128799999999997 -0.846704179491983 -1.52244512294871 -2.23526799988148
0.128999999999997 -1.17250219824316 -1.89371679817644 -2.64630156695469
0.129199999999997 0.0682085457668336 -0.183465260071642 -1.33385790209715
0.129399999999997 1.11633775570506 0.938070940664729 0.0786468671939283
0.129599999999997 0.236974609462577 1.02044594701864 -0.134333121715001
0.129799999999997 -0.268570272611167 0.194536979428438 -1.10031596731263
0.129999999999997 -0.553350659906174 -0.24078675371141 -1.17778730110106
0.130199999999997 -0.286758120119077 -0.549871812187219 -1.5198517112725
0.130399999999997 -0.025573951198392 -0.324608312782866 -1.11753981056481
0.130599999999997 0.773598621786831 0.15984683007456 -0.545052630095112
0.130799999999997 0.383501901385423 -0.111360528995008 -0.733303822057879
0.130999999999997 -0.150089143416073 -0.373394614597882 -1.29154155433619
0.131199999999997 -1.05641679643933 -1.0241985919362 -1.94456531083655
0.131399999999997 -0.589665748680549 -0.283847050759907 -1.35550103261177
0.131599999999997 0.0373933077518941 0.515194190553183 -0.525828753218814
0.131799999999997 0.172392470207983 0.772294830578494 -0.546847290200978
0.131999999999997 -0.404932953286948 0.278098771725298 -0.882747661709842
0.132199999999997 -1.5892044497082 -0.316441453772635 -1.80514833746491
0.132399999999997 -0.840353078122178 -0.367435798099697 -1.56138772540549
0.132599999999997 0.263424441924259 0.310191094878708 -0.862231926221488
0.132799999999997 1.56265158644878 0.735864454212742 0.0897185506638019
0.132999999999997 1.18803896321381 -0.240961857104944 -0.608908728512892
0.133199999999997 0.153722936964575 -0.36301968377555 -1.17294657244059
0.133399999999997 0.386676202002584 -0.0832648271117788 -1.12420250532542
0.133599999999997 0.352960740987174 0.0813359288014972 -0.538771995047055
0.133799999999997 -0.349270927737915 0.0193897847571626 -0.890344590011694
0.133999999999997 -0.892571465923616 -0.937046712989701 -1.56229250259786
0.134199999999997 -1.09512339668837 -0.912387586103657 -1.60141982968679
0.134399999999997 0.319503828056288 -0.305811205196746 -0.80754859593525
0.134599999999997 1.75996975690036 0.665501199862157 0.38727055397119
0.134799999999997 0.802250961980175 0.594098247306925 -0.298641363425651
0.134999999999997 -0.626752915642891 -0.641569272300335 -1.59022044548493
0.135199999999997 -1.12528329258545 -0.898171123253759 -1.80214873981682
0.135399999999997 -0.130426068780736 0.274054711682432 -0.907640338261726
0.135599999999997 0.619553200271563 1.58463108691682 0.122180534405778
0.135799999999997 0.111755379950912 1.64961680681485 0.268245002012623
0.135999999999997 -0.956409898081587 0.31444539021608 -0.864068699817006
0.136199999999997 -1.53857096536537 -0.512557000143705 -2.00889314784355
0.136399999999997 -0.790737856328956 -0.671955867734124 -1.56517730635831
0.136599999999997 0.68778211525156 0.202089163590905 -0.533346881907827
0.136799999999997 1.75899980153791 1.26241739808179 0.322621608887455
0.136999999999997 0.904845437995184 0.764969763582687 -0.331710999634539
0.137199999999997 -0.247859050670403 -0.558086097542545 -1.25335186199244
0.137399999999997 -1.08959701609883 -0.980446520650864 -1.67207342031526
0.137599999999997 -1.23021686919875 -0.483304364421558 -1.55544486181317
0.137799999999997 0.0464965361387998 0.745010067907024 -0.563344946775951
0.137999999999997 0.462329287897162 1.63479255731503 0.141435314306682
0.138199999999997 -0.0667211987768053 0.569286340463287 -0.509601049913173
0.138399999999997 -0.765278168973153 -0.298149398750607 -1.40815919188846
0.138599999999997 -0.4982523101963 -0.530248425605872 -1.42379493494348
0.138799999999997 -0.065673840305869 -0.252466608671147 -1.05060536747479
0.138999999999997 0.786443607273828 0.277733843018283 -0.421087577334064
0.139199999999997 1.15968105596746 -0.00187353787429979 -0.705161051149913
0.139399999999997 1.01442623527586 -0.602571427519946 -1.01336959249944
0.139599999999997 0.0396231672467844 -1.28357462216306 -1.59029175684204
0.139799999999997 -0.723442905531111 -1.44146187064207 -1.93811261108884
0.139999999999997 -0.663162885696746 -0.711773323075744 -1.58245695321803
0.140199999999997 0.074700826051674 0.938020164104619 -0.163575166427771
0.140399999999997 0.563816224767608 1.29681634423809 0.352351593216001
0.140599999999997 0.200315145813204 0.346163527268973 -0.565359044910667
0.140799999999997 -0.286938873425476 0.0904634007401758 -0.993509633583394
0.140999999999997 -0.467368724197781 0.0585295374718257 -0.830277140574674
0.141199999999997 -0.170481499954906 0.19083373495001 -0.675074199068362
0.141399999999997 0.251152286065011 0.421748074973627 -0.538608575580403
0.141599999999997 1.02514941776915 0.169827856557236 -0.544603791071819
0.141799999999997 0.445087551209322 -0.802849739479277 -1.10913008381973
0.141999999999997 0.318554494918662 -1.21057967105567 -1.37478575119735
0.142199999999997 -0.185510565921188 -1.22701634794662 -1.42033597791358
0.142399999999997 0.4101272831149 0.185585019935065 -0.351305648491502
0.142599999999997 0.154731319922849 1.35100139497023 0.189197020434241
0.142799999999997 -0.137405072940478 1.25455108234635 0.010746015479637
0.142999999999997 -1.0075438371219 0.634705497782014 -0.626288969709662
0.143199999999997 -0.569266375941196 0.154959778083037 -0.833768050683332
0.143399999999997 -0.309800591477243 -0.189066975020045 -0.423359403702691
0.143599999999997 0.244870439459542 -0.587564140684917 -0.820337119712093
0.143799999999997 0.717932455119352 -0.816711450082697 -0.868182020398736
0.143999999999997 0.992263488541306 -0.125457049365358 -0.230692447639921
0.144199999999997 0.706661763942066 -0.122165296527259 -0.449693596140374
0.144399999999997 -0.00331550274602072 -0.085359356340194 -0.54941745128454
0.144599999999997 -0.602135634233292 -0.021815912728199 -0.610992191174046
0.144799999999997 -1.17320457683416 -1.10587424757876 -1.24947624824148
0.144999999999997 -1.24441227356848 -0.567364352375023 -1.01740084468762
0.145199999999997 0.0829588881615352 0.331447831315299 -0.418580789723701
0.145399999999997 1.80406234894586 1.18977801263809 0.788813059952113
0.145599999999997 1.94931023010593 0.480492037181078 0.311048193698089
0.145799999999997 0.000768389666612349 -0.659750045914158 -0.919379143574878
0.145999999999997 -0.276967940561551 -0.69361998035179 -0.988080994288174
0.146199999999997 0.0934742273122839 -0.103649062939737 -0.429147061509092
0.146399999999997 0.226202298515752 0.367089017994182 -0.190149762307343
0.146599999999997 0.702949868642746 1.24174078053382 0.522537413007466
0.146799999999997 0.387830062995098 0.45829466100017 0.0195108931795979
0.146999999999997 -0.648844538677096 0.39792649993254 -0.31567391447363
0.147199999999997 -1.18585030194571 0.135327702071308 -0.76513776522566
0.147399999999997 -0.996167106741397 0.334470996708034 -0.403641672940407
0.147599999999997 0.643522603286035 1.23654063820423 0.770376936124418
0.147799999999997 1.72720816872469 0.967973673878576 0.775246828651005
0.147999999999997 0.383118075404219 -0.212409905132832 -0.365727809830362
0.148199999999997 -0.189962576958431 -1.0608532630833 -1.16766402402504
0.148399999999997 -0.343424948330037 -0.726303750767494 -0.8650788291296
0.148599999999997 0.817597237519224 0.360613463557763 0.165662754850129
0.148799999999997 1.21583355138611 1.13501896771655 0.484899800339072
0.148999999999997 0.6187543992545 0.965920747633657 0.100963786655874
0.149199999999997 -0.436959972108522 0.0568684615426101 -0.254227658603344
0.149399999999997 -1.32065290637216 -0.416842552355457 -1.13692573791236
0.149599999999997 -1.36480089147718 -0.789094471562552 -1.05082529216672
0.149799999999997 0.292643207847156 -0.111146390831805 -0.168869561875194
0.149999999999997 2.04559622441847 1.38051590118725 1.01903772910584
0.150199999999997 1.88143587320563 1.08266049936849 0.892549736798718
0.150399999999997 0.565432964439732 0.180761674714286 0.101599413353485
0.150599999999997 -0.976143119803264 -0.570047010752769 -0.666665684597858
0.150799999999997 -0.757366308648728 -0.426011888469382 -0.669363548769196
0.150999999999997 -0.822505762067853 -0.342007207371778 -0.794191341089831
0.151199999999997 -0.136048255829811 0.214143528575908 -0.111919487984679
0.151399999999997 0.122545192028807 0.444175323067481 0.335936272107651
0.151599999999997 0.423507996666403 0.0283823739827257 0.287614769945643
0.151799999999997 0.237613212768841 -0.505379400019397 -0.454915985141245
0.151999999999997 -1.37534551254095 -1.40441708152747 -1.45130634330507
0.152199999999997 -1.85340860133572 -1.35686071147882 -1.54255017405132
0.152399999999997 -0.625517938769754 -0.431461778695102 -0.685314950319062
0.152599999999997 0.772505252787028 1.04036070342785 0.609348284248692
0.152799999999997 1.10099976544955 1.10356406762484 0.640582269986756
0.152999999999997 0.606392120743716 -0.13835002519827 -0.411403936663
0.153199999999997 -0.548884787299771 -0.825254346297994 -0.691336393852076
0.153399999999997 -0.622548301326953 -0.647945508300228 -0.527346765112853
0.153599999999997 -0.614006098296551 -0.601849203640751 -0.386942715226143
0.153799999999997 0.0320057402364543 0.299838126285029 -0.196314957004439
0.153999999999997 2.08711364787923 1.48321021096978 1.27180889538384
0.154199999999997 2.93611504450134 2.014742756648 1.77828403542953
0.154399999999997 0.802157933935383 0.0037505871343142 0.0246409215120479
0.154599999999997 -1.0193489721127 -1.27786222739858 -0.901354153538892
0.154799999999997 -1.04891762689165 -0.660080566136491 -0.733343028140788
0.154999999999997 -0.623532741922098 -0.193879714311105 -0.525070071212987
0.155199999999997 0.199268232049559 0.535122407627546 0.00605220089357506
0.155399999999997 0.590656627697727 0.485665009491079 0.399874768780572
0.155599999999997 0.742923504972033 0.640835415805747 0.651846898124689
0.155799999999997 0.34654926429731 0.378448102405842 0.402374599924184
0.155999999999997 -0.62115468781317 0.0349262348512243 -0.459613751049522
0.156199999999997 -2.63536071949851 -0.948435517848833 -1.68203651729138
0.156399999999997 -1.41781696475865 -1.20475025185647 -1.11562192672722
0.156599999999997 0.195220421564562 -0.0539312797724546 -0.217004422318874
0.156799999999997 1.08523039188387 0.742313807582013 0.761751460576637
0.156999999999997 1.25204399443907 1.04157536624549 0.719985937642664
0.157199999999997 0.160216960821551 0.429725719053594 0.32844253953393
0.157399999999997 -0.875789317700942 -0.112597650512729 -0.543768485854706
0.157599999999997 -1.17470697017589 -1.03173387509425 -0.782982178537034
0.157799999999997 -0.72000868120483 -0.979667325861207 -0.528744955413726
0.157999999999997 0.994613552357386 -0.0120531673385971 0.178006889443961
0.158199999999997 1.67878325149438 0.691316672857294 0.922699219929932
0.158399999999997 1.07388847346719 0.584312028548825 0.795900245103446
0.158599999999997 -0.646068282858688 -0.336780073220827 -0.417099531725793
0.158799999999997 -1.45193044246724 -0.65713833753077 -0.771641849569138
0.158999999999997 -0.741698747861958 -0.175952331364563 -0.359491456898476
0.159199999999997 0.224705441066806 0.30545242354061 0.3775330215068
0.159399999999997 0.154883971229999 0.357029548621196 0.385288270210076
0.159599999999997 -0.0929182777322665 -0.0598294524029162 -0.0196213433950263
0.159799999999997 -0.487290900205012 0.00659781544516787 -0.0954214309268218
0.159999999999997 -0.126658259167576 -0.0195486315011838 -0.126448761323429
0.160199999999997 -0.249784764825212 -0.275749874449065 -0.0488416693633325
0.160399999999997 -0.534762845866417 -0.394360011855166 -0.0467959611422449
0.160599999999997 -0.264658465403497 1.0544193993235 0.9307460863266
0.160799999999997 0.572847400259572 1.56697994432651 1.34798756969637
0.160999999999997 0.337786748742879 1.02644225115067 0.934726393391036
0.161199999999997 0.137405334467386 -0.321235457664256 0.259946514494634
0.161399999999997 -0.11009172150829 -0.982640394924938 -0.583382121699461
0.161599999999997 -0.251026676759993 -0.818701192359128 -0.178746834171253
0.161799999999997 -0.272949803256052 -0.4505712936774 0.203825220024925
0.161999999999997 -0.0885260761829515 0.224492689114606 0.391462944936689
0.162199999999997 0.190878530542929 1.05705189295218 0.908313151207166
0.162399999999997 -0.0337915144025267 0.68636725479678 0.731272425478503
0.162599999999997 -0.188025495181417 -0.450363107883549 0.0913780882556967
0.162799999999997 -0.35508108843145 -1.72565560545975 -1.28044317402342
0.162999999999997 0.0265313461087234 -0.957309992482541 -0.270368782342447
0.163199999999997 0.286333933663027 0.556852147206253 0.455070372000848
0.163399999999997 0.485645868445482 1.35823891977293 1.04547711244626
0.163599999999997 0.0585463478574726 1.15110396707885 0.913750222357967
0.163799999999997 0.0566937067126714 -0.265803818267951 0.402371347174803
0.163999999999997 -0.520320365016645 -1.40126054479444 -0.954589212416308
0.164199999999997 -0.104089116452633 -1.04222732708482 -0.487332450564972
0.164399999999997 -0.228130834593658 -0.217459996911946 0.472884442866191
0.164599999999997 0.112645703334844 0.761754118800263 0.96435325676184
0.164799999999997 -0.0346088025841466 1.0737002129984 1.01812421509696
0.164999999999997 -0.012675456193137 0.386185695045899 0.656200946508446
0.165199999999997 -0.0138665215334281 -0.256460510213868 0.521986213529993
0.165399999999997 -0.52555405881651 -1.04446577531157 -0.0886629737540334
0.165599999999997 -0.925790217767615 -0.763196556258923 -0.422668722667872
0.165799999999997 -0.582065921307374 0.0733319530876822 0.131385590049182
0.165999999999997 1.00815553460112 1.18451961186631 1.29737627452082
0.166199999999997 2.08921774385762 1.67903788645029 1.79134076003084
0.166399999999997 1.1607573226675 -0.134591531614776 0.499208147759287
0.166599999999997 -0.328197934113763 -0.593661504602217 -0.0796603639166649
0.166799999999997 -0.961312883182036 -0.711114026788686 -0.396633165863541
0.166999999999997 -0.901061719850757 -0.713403159740715 -0.350478726646164
0.167199999999997 -0.00559411008210551 0.470452134789033 0.773383041047375
0.167399999999997 0.788939901821778 0.836182931776657 1.10917705473182
0.167599999999997 0.733962439042471 0.521062138772829 0.964043514769293
0.167799999999997 -0.0869520171601227 -0.589567670794543 0.170015586003784
0.167999999999997 -1.81895959183638 -2.42988849308051 -1.47439321842946
0.168199999999997 -1.85101480218018 -1.92066538993434 -1.22045164376826
0.168399999999997 -0.0556200169432321 -0.0379339852280357 0.608235643973091
0.168599999999997 0.77341363245143 0.899635930420949 1.03057132537195
0.168799999999997 0.697158133552322 0.172081865353364 0.941907809139621
0.168999999999997 0.403738520124549 -0.109547289385119 0.460638037461322
0.169199999999997 -0.177489261765931 -0.916130901128038 0.119109015533113
0.169399999999997 -1.10814161006381 -0.921965992284989 -0.176966230681599
0.169599999999997 -1.43622697090471 -0.469814456804128 -0.336418216951138
0.169799999999997 -0.0699114865620093 0.301669526949178 0.574835180581484
0.169999999999997 1.1665058121328 1.34774936682037 1.67834301913463
0.170199999999997 1.81561173936921 1.35732521538433 2.02245221963778
0.170399999999997 0.895200108824709 0.294704249638455 0.950700521449183
0.170599999999997 -0.567231388276699 -0.831576361826498 -0.277524076548462
0.170799999999997 -0.945587114845894 -0.814870725632646 -0.0301998656994271
0.170999999999997 -0.46319216713925 -0.436129670122598 0.412666578037522
0.171199999999997 0.658476934168668 -0.00570102568324895 0.610589471952369
0.171399999999997 0.321207800745348 0.283532071115816 0.999968825173617
0.171599999999997 0.0364709791488689 -0.18893452196538 0.473279460907658
0.171799999999997 -1.07363567838628 -0.818192548277064 -0.246547457774764
0.171999999999997 -1.43260046208806 -1.36692046846011 -0.37679949044271
0.172199999999997 -0.030838140600817 0.365906639651632 0.5943264353155
0.172399999999997 1.20640859686998 1.97047489273876 2.2294919433496
0.172599999999997 1.51106671528123 1.94330352531753 2.37506108906963
0.172799999999997 0.488050130795831 0.381417796452745 0.617935846546221
0.172999999999997 -0.591928023105425 -0.632263212633008 -0.0819930287058807
0.173199999999997 -0.822989562470149 -1.22175630014745 -0.20155967622996
0.173399999999997 -0.899759069441609 -0.636314058513193 0.124864048339618
0.173599999999997 0.0433993679635798 0.350988387578578 0.832283397453304
0.173799999999997 0.88186710736969 0.88937907514091 1.7098593388947
0.173999999999997 0.874210053273762 0.433940945582381 1.1314969900752
0.174199999999997 -0.0489860151700348 -0.848505937665941 -0.00915635571919686
0.174399999999997 -1.03740111544033 -1.1801810511814 -0.369130673072195
0.174599999999997 -1.35056119724317 0.12410006201012 0.367783612896991
0.174799999999997 0.0332580384733136 1.16655890589225 1.52208099010417
0.174999999999997 1.22149367884366 0.759681379858978 1.04780262031309
0.175199999999997 0.946829664431883 0.135367402476909 0.985370257157316
0.175399999999997 0.548857131679202 0.06270903935754 0.966738142971399
0.175599999999997 -0.309457072876522 -0.480715184636734 0.271275904962433
0.175799999999997 -0.317388620661153 -0.632437469484927 0.391297991362592
0.175999999999997 -0.503744907616354 0.0314631963005304 0.767242872682726
0.176199999999997 -0.152878933819703 0.260991553288992 1.31452851416023
0.176399999999997 0.744800305710324 0.018669212366168 0.930405620567447
0.176599999999997 1.29011479092921 -0.38066842369459 0.671166511951491
0.176799999999997 0.825677978640122 -0.0385679007271345 0.847974139269072
0.176999999999997 -1.14368987903716 0.319229109266461 0.860304523089575
0.177199999999997 -0.811781318655659 0.0848878979107747 0.747443389383538
0.177399999999997 -0.0468356112494656 0.0593555638981426 0.918684711530076
0.177599999999997 0.164396827460715 -0.411923053607064 0.623976505700319
0.177799999999997 0.0787031882658949 -0.343172361008755 0.818620590570257
0.177999999999997 -0.00172627778300981 -0.11611860694181 1.04040933765768
0.178199999999997 -0.947729861943279 0.00561079424946448 0.72000566073039
0.178399999999997 -0.376170004067691 0.435787367928449 1.10250191133198
0.178599999999997 0.799189042685181 -0.274837005278026 0.768864002695224
0.178799999999997 1.24197868664785 -0.0668607596134805 0.793192164197353
0.178999999999997 0.495809331964378 -0.221736903291579 0.708987534190164
0.179199999999997 -0.679201190391943 0.0280411372376893 0.732103683787416
0.179399999999997 -0.554028860192411 0.155605374367036 0.718750718144715
0.179599999999997 0.0916716652705165 0.0461021851903289 1.02248058249936
0.179799999999997 0.366151240765534 -0.197342284998202 1.12512890490768
0.179999999999997 -0.00396358802975856 -0.00682389350595082 0.715337366654665
0.180199999999997 -0.274166718911959 -0.244963055771487 0.595309800949767
0.180399999999997 -0.46868879876418 0.587304551483763 1.13757005805499
0.180599999999997 -0.489111654401026 1.33693999218019 1.55909092986888
0.180799999999997 0.629271636782628 0.276329572524727 1.24639115642911
0.180999999999997 0.627885722395765 -0.623398941795032 0.576612845804553
0.181199999999997 -0.196065068961722 -0.521295184805015 0.850395390685218
0.181399999999997 -0.379279740922186 -0.0339005509775005 1.06454433654204
0.181599999999997 -0.748435148455039 -0.0829624064841145 0.949914701385351
0.181799999999997 -0.251653016825214 -0.363863295745285 0.811183227988254
0.181999999999997 0.523525018521355 -0.916893104220246 0.329638567648978
0.182199999999997 0.830031628023402 -0.300372052112359 1.12211916747889
0.182399999999997 0.285096045019483 0.350976603818921 0.810893048213034
0.182599999999997 -0.342025253838703 -0.117453285733853 1.04344990413733
0.182799999999997 0.1042950541874 0.113848711656527 0.919373983093276
0.182999999999997 0.525589286158323 0.205576173448124 1.31124991133001
0.183199999999997 0.175327851848383 0.19075010832817 1.0614249839075
0.183399999999997 0.173229395366453 0.270382247725292 0.902787288995799
0.183599999999997 -0.31849372624759 -0.190374338977559 0.750220187438592
0.183799999999997 -0.381121183574989 -0.00823163241171084 0.960836430569431
0.183999999999997 0.770739749460355 0.896278807758847 1.82428120023377
0.184199999999997 1.07240281098924 0.907708469371874 1.65911000126573
0.184399999999997 0.785417163775747 0.35457804097902 1.35411231161436
0.184599999999997 -0.765476319859447 -0.678744335229343 0.123526550899821
0.184799999999997 -1.06335986746481 -1.87652137269583 -0.41062872905859
0.184999999999997 -0.879917124911033 -0.937274143752738 0.490400142700187
0.185199999999997 0.00106741089911202 0.644169255728643 1.60300451311478
0.185399999999997 0.863225558057513 1.01556963626154 2.22210503079448
0.185599999999997 0.91813499694427 0.486117425790263 1.71014404487701
0.185799999999997 0.456029717947234 -0.157623372586604 1.18239599323123
0.185999999999997 -0.3507138955777 -0.545734330630048 0.760846224480112
0.186199999999997 -1.14445839880193 -0.675418851104884 0.680254399594986
0.186399999999997 -0.22225610670887 -0.333898791603211 1.0103944297698
0.186599999999997 0.579224393747878 0.150306413031746 1.29074202005578
0.186799999999997 0.233820390267625 0.269547130706157 1.53029685929118
0.186999999999997 0.713351369887667 0.41026743185583 1.60473666212805
0.187199999999997 0.488218275914878 -0.0910311009041492 1.38333972491675
0.187399999999997 -0.611997543853259 -0.0977144120356217 1.00592363219725
0.187599999999997 -1.69209230162065 -0.871735165859778 0.470894808078143
0.187799999999997 -1.25383026518556 -1.05554124353762 0.476996061869109
0.187999999999997 0.649943091494297 -0.467805869565541 1.16788006518748
0.188199999999997 1.33430017769277 0.647299810201744 2.1432749040668
0.188399999999997 0.269706048764766 1.28241040839204 2.06644017763203
0.188599999999997 -0.0793076400454707 0.542019383904851 1.51546061014473
0.188799999999997 0.336053501341715 -0.376408598337535 1.25850080045387
0.188999999999997 0.246027556694237 -0.533385712192537 1.04262693854642
0.189199999999997 -0.735063477381682 0.0169489135163567 1.41685521368285
0.189399999999997 -0.598302193407178 0.587640998117769 1.89497973389246
0.189599999999997 0.805478669272228 0.394416748512749 2.14465404820615
0.189799999999997 1.64182603670474 0.159789540788302 1.57574136880501
0.189999999999997 0.399477715368873 -0.0771274449008221 1.54890489774071
0.190199999999997 -0.745662094811179 0.267538612462772 1.51375320659438
0.190399999999997 -0.515641128292421 -0.256729974339538 1.20069467970339
0.190599999999997 -0.0882409491356558 -0.596849128853341 1.0246077633705
0.190799999999997 -0.33524291312093 -0.297499231163914 1.03551400237522
0.190999999999997 0.197503278749093 0.239736036698747 1.62814852937235
0.191199999999997 0.0854872711730124 0.0899227683258215 1.7617760573991
0.191399999999997 -0.218228824673047 -0.455070934038764 1.18361816230691
0.191599999999997 -0.886322667963145 -1.11287251501186 0.59795230591667
0.191799999999997 -1.89720827161728 0.17338155513961 1.21335157449393
0.191999999999997 0.132599548852969 0.594929232415228 1.89050969946672
0.192199999999997 1.3979713925057 0.403452911877897 2.00864081364752
0.192399999999997 0.734864043610613 0.128124931780657 1.8014441127357
0.192599999999997 -0.132761594674151 0.191391307183634 1.60381588425367
0.192799999999997 -0.523045898523321 -0.321844463223276 1.42082963478001
0.192999999999997 -0.805931165067647 -1.2228174609338 0.902264933082091
0.193199999999997 -0.933529259317677 -1.02192298848699 1.05154751435812
0.193399999999997 -0.234231691957566 0.397431780016505 2.01384653014796
0.193599999999997 1.50755996651152 1.79132065392167 2.69054900345725
0.193799999999997 1.74002972362345 1.0071256955068 2.22438174384768
0.193999999999997 0.448766113163303 -0.0825108865379527 1.56821160945948
0.194199999999997 -0.819712606799205 -0.153516765381839 1.18536560302964
0.194399999999997 -0.624193987408007 -0.348706433668526 1.21858780198366
0.194599999999997 -0.105194645529643 -0.700826481961778 0.921593989263836
0.194799999999997 0.188488563887617 0.0193474595697646 1.66913548055495
0.194999999999997 0.424871452470631 0.478935000440268 1.9126346926811
0.195199999999997 0.866390254616179 1.36719614145293 2.58567781604938
0.195399999999997 0.891777483826884 0.375357169684864 1.91374343667511
0.195599999999997 0.423377046409575 -0.430427272099319 1.30843357702163
0.195799999999997 -1.51491386806813 -0.836862275711444 0.673768558950568
0.195999999999997 -1.32833253715695 -0.740278695399778 0.875801685506584
0.196199999999997 0.267826497990714 -0.272103212219534 1.40125796318488
0.196399999999997 1.12914730455623 0.424732666906341 2.21627488272493
0.196599999999997 0.941237523720748 1.29350570074411 2.70150618141952
0.196799999999997 0.243735615533277 0.529783015552184 2.3345098520846
0.196999999999997 -0.642472318799502 -0.561462119515204 1.17083456224534
0.197199999999997 -0.118649643382472 -0.28269007083576 1.26269189878202
0.197399999999997 -0.363592765368514 -0.376720628987473 1.28641599849243
0.197599999999997 0.120716068578636 0.389195631751111 1.83159502611419
0.197799999999997 0.597191905912067 0.256190493271929 1.89429707977312
0.197999999999997 0.885282296738701 0.465787469254402 1.81524578802976
0.198199999999997 0.363387973902823 0.332951114158879 1.92219590658036
0.198399999999997 -0.939375479317607 0.0617431572790191 1.24335856109875
0.198599999999997 -0.404931220982268 -0.634182285117805 1.28368806773766
0.198799999999997 0.320866436403936 -0.9334949839152 0.892323024065764
0.198999999999997 0.0644993422961281 0.346993309249445 1.77479983031573
0.199199999999997 0.148238131529574 0.814308166801297 2.10698431425446
0.199399999999997 1.05029750058142 0.390951082486337 2.19486254347239
0.199599999999997 1.27247083649946 -0.066452762499253 1.77170570414621
0.199799999999997 -0.453117292011254 -0.223879025198752 1.82088886290926
0.199999999999997 -0.841431963473714 0.157772572550526 1.81690882293708
0.200199999999997 -0.178705626311288 -0.672169547451356 1.55627858928684
0.200399999999997 -0.0661007296829434 -0.204813253346019 1.90053086886034
0.200599999999997 0.0378491463658586 0.326847006801532 2.34860336977645
0.200799999999997 0.243124055003059 0.581965024984282 2.38223708585364
0.200999999999997 0.340364535156353 0.0297327049336245 1.77946612849528
0.201199999999997 -0.357987508133689 -0.662015585536317 1.41594636684031
0.201399999999997 -1.10314235178678 -0.0899621376751023 1.76445905299681
0.201599999999997 -0.806676413066696 0.0220281023622202 1.7304702244537
0.201799999999997 0.930027951890962 0.249274624458666 1.5372854941583
0.201999999999997 0.905080348879936 0.349838454331737 2.10448457278823
0.202199999999997 0.213387896108164 0.757477557044185 2.65470411088587
0.202399999999997 -0.31425204365261 -0.00880886377048689 1.82315449540265
0.202599999999997 -0.50945311421463 -0.66021434421516 1.23457844547355
0.202799999999997 -0.797022664869321 -0.484308275528038 1.78704211380153
0.202999999999997 -0.56239641064548 -0.66373422787487 1.59312637205999
0.203199999999997 0.402277750448306 0.521097486953345 2.31370354853581
0.203399999999997 1.57376024698268 1.4281188840225 3.39226861084956
0.203599999999997 2.07037443757389 1.97141973048907 3.70234458907821
0.203799999999997 1.08788591851689 0.705694827333619 2.44627130393327
0.203999999999997 -0.544776831460422 -0.703101210551428 1.45117217720541
0.204199999999997 -0.952470018216521 -0.618269661258837 1.43729716741516
0.204399999999997 -0.934373428741971 -0.384535780704396 1.32240150548747
0.204599999999997 0.373304506908797 -0.0544105313918038 1.78431576363948
0.204799999999997 1.21993767849312 0.464562494970752 2.32491639268505
0.204999999999997 0.56511810616026 0.91447953054956 2.65921391761967
0.205199999999997 0.309413366326545 0.777759952125611 2.47546744331596
0.205399999999997 -0.052568276449848 -0.765584236356144 1.47438509132432
0.205599999999997 -1.19752318530419 -1.26029968527019 0.942435503888272
0.205799999999997 -1.75270042372728 -0.977149545842772 1.35502771158503
0.205999999999997 0.219447952335656 0.117506570342666 2.1601695215932
0.206199999999997 1.68224579458603 0.994270166224629 2.79632419309656
0.206399999999997 1.74585300830594 1.44149810654129 3.24695681196816
0.206599999999997 0.323713138257772 0.497937871623209 2.59313219792516
0.206799999999997 -0.332166209005957 -0.518413656005384 1.69301886150205
0.206999999999997 -0.621056129410813 -0.867479300576402 1.44817940512311
0.207199999999997 -0.176893448169146 -0.0329965453576868 1.86491809065246
0.207399999999997 0.102239386950542 0.0506971632673474 2.22234383889129
0.207599999999997 0.530950266742083 -0.041290886605738 2.25099850301628
0.207799999999997 0.436685220890583 0.840577310788739 2.90680308300534
0.207999999999997 -0.102977409957139 0.598025329953155 2.6279654974523
0.208199999999997 -0.11093657118244 -0.620930420603382 1.8934634594138
0.208399999999997 -1.48986031355137 -1.54620994409743 1.17550396202318
0.208599999999997 -1.55016221331607 -1.27763062314594 1.37183189946839
0.208799999999997 -0.642846691477771 -0.363167883629905 1.4708636336327
0.208999999999997 0.550468016982058 0.144508651364426 2.3176600870262
0.209199999999997 1.08162501886198 1.03302532178019 2.99558027212855
0.209399999999997 0.445806910919943 0.897101410654184 2.80691283656026
0.209599999999997 -0.33306474601255 -0.102209951756984 2.12060699283219
0.209799999999997 -0.456014860784407 -0.556685914215851 1.77827278565107
0.209999999999997 -0.606825252485853 -0.503923205564187 2.29887880087486
0.210199999999997 -0.798518137445849 -0.00440647771899633 2.33430620630503
0.210399999999997 0.651033318338095 0.444174767176078 2.43459745329337
0.210599999999997 1.99539937806918 1.3623155151023 3.5773501752071
0.210799999999997 1.98516255245035 2.30905050760934 4.12146111232615
0.210999999999997 0.830816491570179 0.653720758391491 2.67830063201676
0.211199999999997 -0.944206286374125 -1.08264597030058 1.33859695518071
0.211399999999997 -1.0615197382998 -0.97220915038936 1.57113223350062
0.211599999999997 -0.668675410640116 -0.349493093564331 2.17901780230703
0.211799999999997 -0.288410114665315 0.00320458721381481 2.23341000533838
0.211999999999997 0.945448886553296 0.482273317908323 2.81215025445466
0.212199999999997 1.23587222119645 0.756252479831221 3.04630061610509
0.212399999999997 -0.196520407097559 0.72597161080944 2.81465404965499
0.212599999999997 -0.790575576783553 -0.499983445074247 1.59529244823582
0.212799999999997 -1.13382300565286 -2.21398097893215 0.794453773119971
0.212999999999997 -1.3144315897905 -0.710826552260715 1.838011459437
0.213199999999997 -0.254408517989974 0.218295573346412 2.46446217302283
0.213399999999996 0.55970268080211 0.0309522009225321 2.37589320616484
0.213599999999997 0.592560385920326 0.764006613597275 2.52890877833757
0.213799999999997 -0.0701779450485252 0.497074843054747 2.51727037121779
0.213999999999997 -0.0758357093632093 0.0389853321157669 2.25814315216807
0.214199999999997 -0.468063551761442 -0.376270838237879 1.83281747162747
0.214399999999997 -1.10011005576288 -0.461588462394856 1.67929852729393
0.214599999999997 -0.673542170600072 -0.646854515952462 1.84013833847955
0.214799999999997 0.266411140088668 -0.516491658053802 1.86704253186079
0.214999999999997 0.684810911450307 1.10002731444319 3.22015409189638
0.215199999999997 0.715199032273524 1.26023439880164 3.1415945251534
0.215399999999997 1.20264552874105 0.689359911321976 2.73722347658994
0.215599999999997 0.426289289830467 0.435896925530466 2.98211354968117
0.215799999999997 -0.507039606724989 0.16365443305086 2.43720661196982
0.215999999999997 -0.827264373506075 -0.791570631220208 1.8383870795045
0.216199999999997 -0.609264078119312 -0.864394368791405 1.59105997002893
0.216399999999997 -0.438547610503792 0.226867984930174 2.67964827547297
0.216599999999997 0.809895577857678 0.506952488263548 2.95523279630996
0.216799999999997 2.11223835679943 0.842468874096145 3.15098815204368
0.216999999999997 1.03142195092465 2.01138339449891 4.14317774677525
0.217199999999997 0.243198236628809 0.714509101535407 3.064396658706
0.217399999999997 -0.363893558382514 -0.882476486484049 1.79231962769211
0.217599999999997 -0.915323651781196 -0.385855229437798 2.09383819263539
0.217799999999997 -0.855822977065712 0.0332667490546937 2.03297592221804
0.217999999999997 0.273258027152456 -0.610195177827347 2.27068364696279
0.218199999999996 0.35692797901319 0.299130667665581 2.79334300377661
0.218399999999997 0.363622407258661 1.369012461156 3.57334219734045
0.218599999999997 0.972028058273582 0.84144018705771 3.25389557868677
0.218799999999997 0.542795250786867 -0.165339031115704 2.5151049199059
0.218999999999997 -0.4970193653008 -0.330355871921121 2.25074614466844
0.219199999999997 -0.81019199184584 -0.538738811580347 2.19581393615519
0.219399999999997 -0.022400759869451 -0.253647633501842 2.4748837840817
0.219599999999997 0.521590002790566 -0.00358986810331779 2.73346634872464
0.219799999999997 0.0486870061176849 0.810861695773328 3.03328121056713
0.219999999999997 0.806423893844788 0.543683629428431 3.0599608603695
0.220199999999997 0.771974516795594 0.542782415884511 3.32188945421924
0.220399999999997 -0.984726868512926 0.784958132514567 3.37513848774741
0.220599999999996 -0.521215949360969 -0.774945246007214 2.33267601176323
0.220799999999996 -0.605726051709798 -1.03574003271286 1.87858496428065
0.220999999999997 -0.710569457325056 -0.0481987735511397 3.00992878622066
0.221199999999997 0.271302820399235 0.0717044680072109 2.74931561924609
0.221399999999997 0.381921322395466 0.218735130475162 3.09850018941352
0.221599999999997 0.156326023241021 0.485214532980229 3.11950009457392
0.221799999999997 0.316784315521256 -0.223093942039845 2.67750184385468
0.221999999999997 -0.263977931771946 -0.166626772592667 2.5587493549869
0.222199999999997 -1.71116428947501 -0.831931241362775 2.20794071615373
0.222399999999997 -0.923026482165727 -1.10792782680212 2.28305107245599
0.222599999999997 -0.101180080260093 -0.967383838968743 2.01315622356413
0.222799999999997 0.559624057108573 1.1430861892228 3.75191410745004
0.222999999999996 1.190539491671 1.17835844872691 3.66608241062892
0.223199999999997 1.08404930415651 0.315657160091399 3.01369714264397
0.223399999999997 -0.30285646385163 0.0122988998958983 2.9892957137949
0.223599999999997 -0.628679411200154 -0.765910635642644 2.44097891590717
0.223799999999997 -1.02404460404716 -1.27310097345087 2.12782673913015
0.223999999999997 -1.1950217960481 -0.873493824969779 2.08405151426122
0.224199999999997 -0.563000239159408 0.30060773498123 3.19425791369223
0.224399999999997 1.2639709827644 0.664687508560037 3.51344742692169
0.224599999999997 1.28534293255704 1.05189088380136 3.43049291500447
0.224799999999997 0.653451269731214 1.05442056988049 3.81595776708546
0.224999999999997 0.0400753933130898 0.0767538997346974 2.72139856782749
0.225199999999996 0.0246281003512942 -0.707216445617464 2.10505370737732
0.225399999999996 -0.744765839360988 -0.353603194881631 2.44261801753111
0.225599999999996 0.100804821491062 0.00833774706554192 2.26304981661389
0.225799999999997 0.369050538462168 0.217846132604213 3.001346521492
0.225999999999997 0.372312244739819 0.433177650440277 2.97998036445395
0.226199999999997 0.710964743619431 0.299476130610508 2.82097620327023
0.226399999999997 0.833117084648309 0.796870020487738 3.62345451968065
0.226599999999997 -0.170000823800892 0.711967121459097 3.35135463953973
0.226799999999997 -0.744544529806913 -1.41802442947657 1.88934521692333
0.226999999999997 -1.39808623523026 -1.67861980447423 1.99110137800095
0.227199999999997 -1.15508178347733 -0.510115693739232 2.9146845643193
0.227399999999996 -0.00132637041310212 -0.222579702082584 2.89994768613167
0.227599999999997 0.471340829774244 0.355196754002741 3.30007013426219
0.227799999999996 1.03730495488725 0.878485528030854 3.860808618922
0.227999999999997 0.685951464749836 0.76795904297738 3.89484617873651
0.228199999999997 -0.0607505888212165 -0.266730122969925 2.89081672297361
0.228399999999997 -1.22187610950612 -1.10195405357646 2.00838012441594
0.228599999999997 -2.02698499142772 -1.63262059589569 1.7298905343037
0.228799999999997 -1.66197835575683 -1.19311470745071 2.26708707738219
0.228999999999997 0.309362229481278 -0.247909996066945 3.02783240286479
0.229199999999997 1.13988563734803 1.0953690356312 3.90857961006462
0.229399999999997 0.802169648779025 1.31798194045681 3.86239891135402
0.229599999999997 0.632225940354619 0.619858900895587 3.38248021517322
0.229799999999997 0.252905117532533 -0.210193177174252 2.85822274591804
0.229999999999996 -0.3852553629853 -0.539542777491461 2.60769214442433
0.230199999999996 -0.858183106302482 -0.556285615743393 2.69400166009992
0.230399999999996 -0.467745320521205 -0.916749291138347 2.52572341106793
0.230599999999997 0.0936626961270953 -0.280114726178125 2.8130237260086
0.230799999999997 0.737521592488569 1.22996198131307 4.2129391080744
0.230999999999997 1.87760110983227 1.03854580211801 3.96532726380899
0.231199999999997 1.60340365753943 1.27162204497834 4.22829145558329
0.231399999999997 -0.242198972546916 0.300985570352476 3.19164265616505
0.231599999999997 -0.635850831329678 -0.212996322140585 3.03739205389248
0.231799999999997 -0.769347171142351 -0.282374411953307 2.85816492929288
0.231999999999997 -0.372812201241968 -0.645757996220589 2.4259669224957
0.232199999999996 0.0812297533498615 0.255613745178257 3.20331784575147
0.232399999999997 0.73834220129467 1.21021722549409 4.03622801183827
0.232599999999996 1.03084534325378 0.0151455117125159 2.97826451462614
0.232799999999997 -0.146660647819285 0.723737061180002 3.62044884752608
0.232999999999997 -0.266341385253968 0.317177988170209 3.14597491057056
0.233199999999997 0.192662597945963 -1.35326439920549 1.82030949455665
0.233399999999997 -0.651781767701927 -0.0638355381040978 3.01615376442626
0.233599999999997 -0.134298422360903 0.0183938518439292 3.29962649761406
0.233799999999997 0.385272236275258 -0.453933509369339 2.58051856146579
0.233999999999997 0.196450251041427 0.631281245830764 3.37801147553622
0.234199999999997 0.466337391387808 0.442299804138186 3.78654330786591
0.234399999999997 0.564265818770152 0.342179355276557 3.32882028319829
0.234599999999997 0.0469523770500856 0.752996826936334 3.83543409698204
0.234799999999996 -0.0244628351659343 -0.489613683446224 3.02398123747154
0.234999999999996 -0.674513265072422 -1.23458154159127 2.10407333429804
0.235199999999996 -1.07433013925755 -0.036327921987881 3.22338757498375
0.235399999999997 0.587586944232444 -0.242396729131979 2.52382110756779
0.235599999999997 0.392611235975158 0.0210278594909125 3.26752676524009
0.235799999999997 -0.0748227968566284 0.318354615296216 3.7076257197034
0.235999999999997 0.454476564261959 -0.109894275063578 3.31688351570145
0.236199999999997 0.412987090327569 0.177481216073075 3.53444996874344
0.236399999999997 0.0336313406508148 0.4221097452794 3.61507739111172
0.236599999999997 -0.0850698203725183 -0.924152009482632 2.46543527010095
0.236799999999997 -0.266236715646291 -0.513577990321085 2.98138957311921
0.236999999999996 -0.98393372838311 -0.180168106394987 3.26303256993559
0.237199999999996 -0.0796326120952888 -0.628259875162213 2.90670256063409
0.237399999999996 0.451927934796221 0.327437627033041 3.52636953520126
0.237599999999997 0.223167049089993 1.09044777552659 4.56677276571862
0.237799999999997 1.12847133512535 0.212073770899952 2.88315149186119
0.237999999999997 -0.0118272824070009 0.132667015020918 3.26958627668563
0.238199999999997 -0.335741148761469 0.256498743760869 3.42525301781673
0.238399999999997 -0.0859394029391705 -0.10076825133446 3.11113177796381
0.238599999999997 -0.150971017590231 0.17537502461705 3.49274997931596
0.238799999999997 -0.270187235798368 -0.0693241011798304 3.28226970817067
0.238999999999997 0.0442797277412599 -0.666393073036661 2.90649612441234
0.239199999999997 -0.153547056409574 0.332325584560953 3.74886297103263
0.239399999999997 0.342804604894726 -0.0277104989563633 3.60406705105807
0.239599999999996 0.998622597915337 0.726616400972827 3.95313543142245
0.239799999999996 0.421217942735182 1.42582205675316 4.58090236894404
0.239999999999996 0.929731685524727 -0.328035772648745 2.69152081937143
0.240199999999997 -0.0901286584927457 -0.237149158131025 3.16326549407907
0.240399999999997 -0.732903783278102 0.208979199318613 3.64578856718868
0.240599999999997 0.113521704616273 -0.677654089456714 2.9469218034428
0.240799999999997 -0.374843551179104 -0.680831665569615 3.12225123774171
0.240999999999997 -0.147916642272612 -0.0967696254528974 3.55839733551963
0.241199999999997 0.397050736338153 0.482217010024597 4.0139830399277
0.241399999999997 1.08343107514189 0.939407380638322 4.38568863367509
0.241599999999997 1.49341864409215 0.976169257258439 4.40915675385655
0.241799999999996 1.1783389225552 1.36150413879828 4.60089397763932
0.241999999999996 0.326908168763752 0.499825124874025 3.74927909864508
0.242199999999996 -0.837070346287193 -0.878915393546508 2.76360576370057
0.242399999999996 -1.74697651231517 -1.09251614964999 2.93308455237653
0.242599999999997 -0.827828262039887 -0.87440756441845 2.7446692982911
0.242799999999997 -0.424699745032803 -0.659263428258717 3.14381333097706
0.242999999999997 0.206513168015806 0.367111461687085 4.23870929251694
0.243199999999997 0.940958347334277 0.416773589289955 3.72744740468928
0.243399999999997 1.04083344705883 0.981768626966505 4.59757136821501
0.243599999999997 0.21288186739842 0.177931721004774 3.55443901891126
0.243799999999997 -0.509898466475622 -0.777804524429811 3.12601395394191
0.243999999999996 -2.14601417377204 -1.40505439711815 2.77839143602663
0.244199999999997 -1.37514196322461 -1.56406805686759 2.51762171596331
0.244399999999996 -0.602896829625246 -0.251587894006428 3.62581010795554
0.244599999999996 -0.136953017555236 0.0761174313404486 3.37914426731626
0.244799999999996 0.385774667707072 0.474683394439457 3.88490590109534
0.244999999999997 -0.0665134000092937 0.267459352268689 4.17914710327201
0.245199999999997 -0.143288819055506 -0.211896891043261 3.42606752773454
0.245399999999997 0.356554297007447 -0.476122884115517 3.28763178022211
0.245599999999997 -1.33903967186808 -0.00112086082194045 3.96966030342572
0.245799999999997 -0.6384449712555 -0.917291758220331 2.89855481068175
0.245999999999997 0.00445858203002494 -0.234444636973556 3.53800802068466
0.246199999999997 -0.18230397516148 0.357684329415191 4.15347487235061
0.246399999999997 0.387793980538235 -0.0627695991878404 3.73984654533458
0.246599999999996 0.0159686334664605 -0.109917542003035 3.83124843429248
0.246799999999996 -0.117382178621076 0.295549288044364 4.01826573746594
0.246999999999996 0.620902005241213 -0.357269829563048 3.54700146377807
0.247199999999996 -0.336092350105821 -0.107147415734616 3.78175926454602
0.247399999999997 -0.404363690316519 0.0952939924868092 4.00995761826523
0.247599999999997 0.184574914923416 -0.621542660364114 3.03676884903949
0.247799999999997 -0.0959142134556973 0.558306165158566 4.49878462996588
0.247999999999997 0.394490461029196 0.524307291282842 4.28811193114712
0.248199999999997 0.690305999534365 0.108435119105138 3.81209000804435
0.248399999999997 0.239614863701464 0.834511734230919 4.26576455718256
0.248599999999997 0.224441282981812 0.0388234826952894 3.77260975970268
0.248799999999996 -0.157088298053165 -0.208811666936572 3.69999029865523
0.248999999999996 -0.478080305078558 0.151777386257374 4.12177085317
0.249199999999996 0.135573580917648 -0.32815282580367 3.37649691204875
0.249399999999996 0.34496886596625 0.144458065974867 3.70843044477695
0.249599999999996 0.249514489559957 0.542640068365269 4.27436886455331
0.249799999999997 0.952948703995586 -0.17613755567919 3.6035115267545
0.249999999999997 -0.0909265552460181 0.367285911877764 4.35321174415704
